2806 2587
6136 5956
2022 4667
2186 1912
6785 267
3192 3375
468 2690
6117 1624
6824 1088
1159 3112
4224 7552
5143 6996
4643 292
1520 1145
3308 7855
8169 117
3944 4976
6402 3775
5263 5699
5624 4858
5902 2357
236 7194
3350 5200
5873 7473
7834 3815
1903 6867
5339 2006
32 2487
5982 5508
7776 6135
3034 2210
5915 6664
181 2475
1323 3740
5346 348
2585 2157
4990 413
5442 7893
6916 292
7669 2762
8165 2825
2778 7471
2986 1789
4034 807
3540 3318
5335 1354
2494 7106
4842 906
8057 4603
5906 5689
1180 1498
2275 4304
597 5587
4022 3622
208 1470
1614 4641
2322 6275
5432 5004
298 2000
6016 103
1486 6060
3702 2237
1740 585
1271 2983
8014 6001
4632 4980
764 4002
6481 5377
3214 5104
62 2429
1672 5582
6695 7225
274 1046
7653 6310
3066 5086
7430 73
3230 957
5548 784
3875 3063
6171 6727
2318 107
5852 3462
3028 6405
519 7699
2651 1597
6806 6668
4195 454
215 907
7278 4878
181 1340
5566 5652
5338 3185
2178 5996
1905 6245
8185 6830
6646 1566
3955 1103
7974 5894
2550 3935
1913 7546
3302 4593
494 54
4785 6104
136 5029
5599 5176
5203 6707
922 869
6301 3467
4134 909
1271 3060
51 2029
5584 1177
5376 5036
4785 7549
5919 6081
4596 5463
2309 3967
393 2284
5909 6825
5924 2577
5272 5658
1279 6288
1994 5725
7967 1405
4521 1727
4885 2625
1547 3319
5638 372
3745 6928
2678 961
7634 214
3257 3342
6354 7312
6761 7659
5726 6414
6653 5470
7138 2442
547 2225
752 7508
8114 6478
1261 2991
2503 6552
6445 3759
6902 1679
7989 4622
2522 7311
2512 7707
3215 6066
5775 1256
1547 8029
5932 6568
2747 7091
3716 3640
7193 5451
746 397
207 1525
2322 2662
298 529
6610 978
6853 1413
2561 4604
1018 1107
1999 7995
2051 3422
5381 4898
101 5323
81 3841
5043 6199
8119 7690
5023 4224
1247 2985
3167 6989
1543 1147
2748 320
6781 6167
2759 8101
7144 715
5026 6261
4064 1644
3061 386
1489 6722
3847 5122
4200 5183
6766 3324
6443 6286
1454 2579
2 4073
684 6128
66 2171
7652 2493
595 3906
6291 4780
7396 7246
6549 382
8097 46
7841 3640
7847 2029
2855 1644
2747 651
4916 8143
2332 3085
2174 303
485 5858
1264 1287
143 2216
4428 2012
659 3374
6158 2020
2140 6170
6645 4181
3270 1386
5851 2281
3303 2354
6777 372
1952 1856
3263 4419
2 199
5605 2446
5132 6573
4258 7682
2309 1317
3092 7908
6228 1781
4169 7850
6088 4438
7355 3698
99 5968
5182 1431
4488 4175
4094 5834
7201 4571
6416 388
3837 6175
7247 4513
5843 7454
3431 412
355 888
7525 987
145 6709
4571 1914
3948 1175
2808 3081
4048 2967
368 5828
180 6137
6899 2606
7596 6654
7985 1078
1744 3078
7978 7593
2028 5841
3336 2933
6022 5874
785 63
6439 460
1853 5365
1782 6742
6194 5014
1192 5127
3217 3651
4053 572
3602 4847
3985 4681
8087 5839
5414 405
819 5761
5108 5498
7247 5637
1288 2322
4499 4730
6718 5371
1726 4134
8134 2943
7674 1592
3968 2930
6770 4282
7342 5855
7377 544
1696 6755
4351 7639
205 3238
4073 60
7796 3624
2546 5596
1439 3195
3285 6862
7379 657
3399 7805
4090 6600
3732 5162
2636 5107
1397 4503
8166 2610
507 3864
5748 7779
6547 1896
6684 8154
5599 5498
3102 2298
7262 1850
6089 3904
3034 5434
914 2941
3123 4250
3470 7059
1394 4219
2263 4436
2143 357
4203 1275
1002 6510
391 4642
2905 5923
2818 3386
7352 6096
322 7943
8186 764
5912 1178
6879 959
5519 6878
693 8067
7228 958
6619 3112
4364 1998
7324 1657
3997 7955
96 2635
3725 3643
3343 1091
3152 4853
7548 3866
7416 5246
5069 4171
6340 7331
631 5672
5971 6244
193 5614
3245 6054
7531 2187
9 679
6504 4137
241 6884
1649 2340
4579 3349
5660 1639
558 293
1899 6694
3008 7883
3265 6352
7235 413
4959 5573
1904 5612
6555 710
7045 5838
581 4998
8107 2257
5397 6220
4038 5778
2188 5046
1361 7193
6057 344
1446 704
7545 98
4479 5511
5456 5091
4751 542
6283 5774
3820 818
3695 3622
7035 4130
6617 7711
1701 5830
126 5685
2146 7134
1265 8181
1026 219
4142 7300
5672 1647
5584 7479
7980 1212
4047 5865
5217 8070
3372 6253
7264 7623
4832 7256
6007 3496
7975 2163
6777 8040
3327 2012
3425 256
2548 4560
1975 205
5384 4295
2859 2003
4627 5890
823 4360
4522 4477
3845 6614
822 7576
7419 5793
3394 4439
438 5160
7986 4551
6342 5317
7592 5287
502 4006
2104 6868
1096 7530
2220 1631
4387 2537
5224 2017
7689 2123
3822 1185
7780 5120
6798 6995
1756 5807
4896 7862
7182 5060
6191 5949
7937 5202
6263 765
7559 1508
712 379
1464 2467
6964 12
7794 3595
5955 7187
4281 2602
5475 1318
427 1815
4080 7143
1982 2109
7826 4231
7441 2184
4332 742
1445 6985
1882 3392
3506 1876
3425 1588
2835 1764
1596 4715
5149 1311
7586 2942
4587 3646
1022 5014
5410 5469
3289 5111
4743 7498
3671 2477
711 2650
6574 3407
508 598
1502 5938
3098 5126
4655 3965
26 6636
5996 1055
1428 955
5721 654
7482 7977
3734 7705
4287 1736
7146 6900
6613 2767
5976 3674
5517 4192
3705 4205
8100 791
5404 416
3559 1564
1197 1239
627 3619
532 2594
6046 1889
1523 7891
4343 3884
2233 1819
1711 2235
6075 8142
3070 2852
5769 4631
6512 376
1401 1783
5918 2381
1350 1993
7052 8148
1477 4818
5998 5154
1665 6196
330 5480
5648 7741
5506 2122
1991 5801
2966 3322
3537 2408
5763 3427
7523 7083
3359 494
6849 4525
7815 7346
2066 1077
1876 6377
7114 5110
4013 2090
1501 6894
1702 436
4437 2673
886 7361
2303 1593
3714 5350
6701 3855
966 7216
7384 2228
693 174
2158 3884
4532 3116
6901 1478
7315 5797
4721 2035
4007 5200
4719 1909
3568 6259
3659 5731
1987 6981
5239 6846
6873 5303
593 5891
526 2402
1911 5715
7974 3683
4640 7303
2078 5661
7718 1192
7101 3881
6077 3847
1931 4417
2261 2466
6907 8148
5978 1926
7171 4257
3366 5262
2666 5872
2637 3675
4793 2827
7805 5309
6509 207
2715 2220
4388 4429
6968 3645
2703 5968
2306 4690
7436 3269
5256 3354
6152 8126
7013 2600
7129 6975
4538 814
5768 2816
3296 4010
1422 2515
7037 6125
8058 3409
7294 4920
4931 1730
3551 50
1660 3643
5462 7425
3408 4294
7087 2899
576 5918
167 3949
1402 2848
4384 7596
7085 3475
5009 3195
415 7516
4074 7715
5797 1029
3695 6814
4684 5082
4987 2067
718 2096
4926 7577
5036 5788
6868 3509
7209 6137
6825 979
6429 6947
1571 227
1879 2870
1761 1407
5354 2761
278 3917
3153 2949
5920 2937
7800 4847
5749 3467
6691 468
4720 6322
1398 1799
6225 1473
3468 5936
1460 3846
7908 6894
6994 5004
867 8030
4810 6589
4443 1685
7929 366
4099 4539
793 8001
2299 3541
5768 467
1659 3816
8106 7121
4388 1741
4653 1897
6017 5119
7444 5467
513 5824
5192 5772
920 1081
2638 8022
7539 5547
3490 4209
3061 7191
4590 1970
7589 7754
4319 1602
1736 1661
4217 5243
185 3141
1558 1888
5665 4513
8073 6815
238 7551
6886 2573
8022 2504
5681 3106
4977 2632
3255 1964
8028 708
3353 7133
6391 5904
5801 2944
6628 4245
6740 1565
7445 2152
2610 4757
4263 2695
4987 2991
5353 8060
6961 7936
759 1029
2298 370
703 3481
7630 4457
418 815
7505 5294
7818 338
6927 3260
6927 8014
5923 6128
832 803
2106 3663
1141 1985
6336 6573
1577 1604
933 4302
5475 4737
4179 3548
1066 5320
8129 3488
553 2915
4666 4385
1069 7896
1826 6123
5640 4109
5541 6277
2353 7511
3412 6856
7206 7918
6806 5606
7662 1530
3669 5227
5221 5553
6938 2351
681 6155
6931 4837
1501 6218
266 517
463 1834
878 5437
203 4778
5714 872
6289 6009
2184 1053
3102 4549
1889 8137
5340 5656
1488 8031
3313 7555
1656 2361
7104 6296
1084 6392
5416 8047
2483 8038
6583 4085
7319 7762
5814 7186
820 6236
6468 556
1545 6450
3811 873
218 7170
2458 6014
751 7716
2097 4371
5661 5162
3699 954
4361 3126
5394 5997
2737 79
573 4626
1725 2701
4835 5491
8020 7013
6705 6546
2129 1152
6318 3340
7475 5387
78 7720
8016 263
6168 2949
4636 2424
7462 7120
4567 1960
5489 7834
4911 108
3151 3192
5463 7901
6808 3276
6746 676
6260 2440
4656 700
2889 518
6860 3166
6303 7972
4650 1960
6926 7975
6626 6873
1202 6780
322 5522
7485 2582
5923 775
78 310
7338 7241
2113 920
3728 4280
7235 145
7017 5010
2173 5642
1898 1265
218 5240
3529 1533
2297 1998
2457 3522
6493 4090
6589 743
7549 8129
7270 6745
4289 4178
7536 5839
4372 1663
658 3027
6654 5721
6275 7492
6209 7926
628 8086
7181 5340
2759 6496
5864 56
5687 4989
74 622
5707 241
5871 538
1179 2917
3570 2303
2301 2280
5122 1780
6738 5720
2532 2529
6873 2516
384 1171
1862 2781
5474 4672
3379 4136
5747 6562
5911 201
1504 7
2029 4755
3328 2479
5721 423
5780 3140
2004 1667
2393 7899
8023 5602
5800 3483
2574 2630
3074 2073
3966 4102
4996 3726
6685 7788
5648 6930
380 4309
7736 6128
542 3408
269 6184
2274 3116
6685 1280
837 2625
1655 2318
5713 1250
162 3374
119 3042
2438 5004
1389 5095
3998 3234
1263 4719
7755 7139
4652 7390
6913 4578
5665 3254
3692 1160
4834 3086
3641 787
7872 7599
7941 3723
5056 404
6792 2546
312 11
3180 613
1738 2542
3930 7569
2156 7266
2722 974
5243 1348
3991 7081
1184 229
685 4103
782 6089
6948 902
6389 7841
6883 1486
2825 3474
2584 4320
6854 1985
2198 5451
4906 5485
1484 4986
2747 5469
4550 4401
5109 6362
5785 2143
5496 7143
1943 2798
7845 6590
6879 2575
7455 7882
2051 3520
4368 5695
6383 1197
3221 2051
4874 2870
3602 6783
2489 5748
1195 907
3872 7808
2504 7241
466 5038
2014 3464
5485 4543
5788 7465
462 3656
4393 3546
7199 2671
84 5772
949 5199
4535 6429
5856 1450
2391 11
2613 2649
7957 3604
5871 317
4704 4180
6296 5691
7573 2634
5380 7585
535 3536
6919 949
2461 3749
6999 7507
794 2758
2436 5308
8027 586
6351 7529
1533 7668
3720 6613
3103 3899
4698 2489
6800 4797
2010 5206
3516 6113
3659 7017
6378 5387
4285 5536
1081 6475
4762 1374
6412 7745
7255 5006
7444 397
4258 6664
4617 2817
4367 2401
2940 2068
2612 3190
5390 1423
256 3200
1992 2785
3037 3661
7000 302
4015 3524
8142 4951
1628 2807
2185 18
4662 3790
2088 3723
1670 5896
7791 2113
5857 263
7158 455
3312 3048
4182 7744
7808 2965
2138 5886
5047 735
2794 5446
5735 2304
6689 6521
3518 5227
4345 120
3744 3014
1208 3951
8127 5080
7316 2628
327 1559
54 974
7125 801
915 2103
5103 3782
4076 2918
750 2039
7507 400
1391 7433
6622 2559
2399 7168
7631 1169
6201 51
247 4838
7824 7871
220 2092
3213 2119
476 3663
1460 5281
4485 7337
6507 4907
7290 5906
6064 656
1774 1398
1934 2838
6738 6776
1999 5072
6874 166
3939 4663
5649 1796
1786 80
3150 3952
1490 3562
2734 2296
4330 7374
6300 1687
7771 6970
99 7719
4122 190
2663 5754
4362 2318
7437 3590
2326 3005
1082 5813
6270 1634
6838 3171
2806 2587
6136 5956
2022 4667
2186 1912
6785 267
3192 3375
468 2690
6117 1624
6824 1088
1159 3112
4224 7552
5143 6996
4643 292
1520 1145
3308 7855
8169 117
3944 4976
6402 3775
5263 5699
5624 4858
5902 2357
236 7194
3350 5200
5873 7473
7834 3815
1903 6867
5339 2006
32 2487
5982 5508
7776 6135
3034 2210
5915 6664
181 2475
1323 3740
5346 348
2585 2157
4990 413
5442 7893
6916 292
7669 2762
8165 2825
2778 7471
2986 1789
4034 807
3540 3318
5335 1354
2494 7106
4842 906
8057 4603
5906 5689
1180 1498
2275 4304
597 5587
4022 3622
208 1470
1614 4641
2322 6275
5432 5004
298 2000
6016 103
1486 6060
3702 2237
1740 585
1271 2983
8014 6001
4632 4980
764 4002
6481 5377
3214 5104
62 2429
1672 5582
6695 7225
274 1046
7653 6310
3066 5086
7430 73
3230 957
5548 784
3875 3063
6171 6727
2318 107
5852 3462
3028 6405
519 7699
2651 1597
6806 6668
4195 454
215 907
7278 4878
181 1340
5566 5652
5338 3185
2178 5996
1905 6245
8185 6830
6646 1566
3955 1103
7974 5894
2550 3935
1913 7546
3302 4593
494 54
4785 6104
136 5029
5599 5176
5203 6707
922 869
6301 3467
4134 909
1271 3060
51 2029
5584 1177
5376 5036
4785 7549
5919 6081
4596 5463
2309 3967
393 2284
5909 6825
5924 2577
5272 5658
1279 6288
1994 5725
7967 1405
4521 1727
4885 2625
1547 3319
5638 372
3745 6928
2678 961
7634 214
3257 3342
6354 7312
6761 7659
5726 6414
6653 5470
7138 2442
547 2225
752 7508
8114 6478
1261 2991
2503 6552
6445 3759
6902 1679
7989 4622
2522 7311
2512 7707
3215 6066
5775 1256
1547 8029
5932 6568
2747 7091
3716 3640
7193 5451
746 397
207 1525
2322 2662
298 529
6610 978
6853 1413
2561 4604
1018 1107
1999 7995
2051 3422
5381 4898
101 5323
81 3841
5043 6199
8119 7690
5023 4224
1247 2985
3167 6989
1543 1147
2748 320
6781 6167
2759 8101
7144 715
5026 6261
4064 1644
3061 386
1489 6722
3847 5122
4200 5183
6766 3324
6443 6286
1454 2579
2 4073
684 6128
66 2171
7652 2493
595 3906
6291 4780
7396 7246
6549 382
8097 46
7841 3640
7847 2029
2855 1644
2747 651
4916 8143
2332 3085
2174 303
485 5858
1264 1287
143 2216
4428 2012
659 3374
6158 2020
2140 6170
6645 4181
3270 1386
5851 2281
3303 2354
6777 372
1952 1856
3263 4419
2 199
5605 2446
5132 6573
4258 7682
2309 1317
3092 7908
6228 1781
4169 7850
6088 4438
7355 3698
99 5968
5182 1431
4488 4175
4094 5834
7201 4571
6416 388
3837 6175
7247 4513
5843 7454
3431 412
355 888
7525 987
145 6709
4571 1914
3948 1175
2808 3081
4048 2967
368 5828
180 6137
6899 2606
7596 6654
7985 1078
1744 3078
7978 7593
2028 5841
3336 2933
6022 5874
785 63
6439 460
1853 5365
1782 6742
6194 5014
1192 5127
3217 3651
4053 572
3602 4847
3985 4681
8087 5839
5414 405
819 5761
5108 5498
7247 5637
1288 2322
4499 4730
6718 5371
1726 4134
8134 2943
7674 1592
3968 2930
6770 4282
7342 5855
7377 544
1696 6755
4351 7639
205 3238
4073 60
7796 3624
2546 5596
1439 3195
3285 6862
7379 657
3399 7805
4090 6600
3732 5162
2636 5107
1397 4503
8166 2610
507 3864
5748 7779
6547 1896
6684 8154
5599 5498
3102 2298
7262 1850
6089 3904
3034 5434
914 2941
3123 4250
3470 7059
1394 4219
2263 4436
2143 357
4203 1275
1002 6510
391 4642
2905 5923
2818 3386
7352 6096
322 7943
8186 764
5912 1178
6879 959
5519 6878
693 8067
7228 958
6619 3112
4364 1998
7324 1657
3997 7955
96 2635
3725 3643
3343 1091
3152 4853
7548 3866
7416 5246
5069 4171
6340 7331
631 5672
5971 6244
193 5614
3245 6054
7531 2187
9 679
6504 4137
241 6884
1649 2340
4579 3349
5660 1639
558 293
1899 6694
3008 7883
3265 6352
7235 413
4959 5573
1904 5612
6555 710
7045 5838
581 4998
8107 2257
5397 6220
4038 5778
2188 5046
1361 7193
6057 344
1446 704
7545 98
4479 5511
5456 5091
4751 542
6283 5774
3820 818
3695 3622
7035 4130
6617 7711
1701 5830
126 5685
2146 7134
1265 8181
1026 219
4142 7300
5672 1647
5584 7479
7980 1212
4047 5865
5217 8070
3372 6253
7264 7623
4832 7256
6007 3496
7975 2163
6777 8040
3327 2012
3425 256
2548 4560
1975 205
5384 4295
2859 2003
4627 5890
823 4360
4522 4477
3845 6614
822 7576
7419 5793
3394 4439
438 5160
7986 4551
6342 5317
7592 5287
502 4006
2104 6868
1096 7530
2220 1631
4387 2537
5224 2017
7689 2123
3822 1185
7780 5120
6798 6995
1756 5807
4896 7862
7182 5060
6191 5949
7937 5202
6263 765
7559 1508
712 379
1464 2467
6964 12
7794 3595
5955 7187
4281 2602
5475 1318
427 1815
4080 7143
1982 2109
7826 4231
7441 2184
4332 742
1445 6985
1882 3392
3506 1876
3425 1588
2835 1764
1596 4715
5149 1311
7586 2942
4587 3646
1022 5014
5410 5469
3289 5111
4743 7498
3671 2477
711 2650
6574 3407
508 598
1502 5938
3098 5126
4655 3965
26 6636
5996 1055
1428 955
5721 654
7482 7977
3734 7705
4287 1736
7146 6900
6613 2767
5976 3674
5517 4192
3705 4205
8100 791
5404 416
3559 1564
1197 1239
627 3619
532 2594
6046 1889
1523 7891
4343 3884
2233 1819
1711 2235
6075 8142
3070 2852
5769 4631
6512 376
1401 1783
5918 2381
1350 1993
7052 8148
1477 4818
5998 5154
1665 6196
330 5480
5648 7741
5506 2122
1991 5801
2966 3322
3537 2408
5763 3427
7523 7083
3359 494
6849 4525
7815 7346
2066 1077
1876 6377
7114 5110
4013 2090
1501 6894
1702 436
4437 2673
886 7361
2303 1593
3714 5350
6701 3855
966 7216
7384 2228
693 174
2158 3884
4532 3116
6901 1478
7315 5797
4721 2035
4007 5200
4719 1909
3568 6259
3659 5731
1987 6981
5239 6846
6873 5303
593 5891
526 2402
1911 5715
7974 3683
4640 7303
2078 5661
7718 1192
7101 3881
6077 3847
1931 4417
2261 2466
6907 8148
5978 1926
7171 4257
3366 5262
2666 5872
2637 3675
4793 2827
7805 5309
6509 207
2715 2220
4388 4429
6968 3645
2703 5968
2306 4690
7436 3269
5256 3354
6152 8126
7013 2600
7129 6975
4538 814
5768 2816
3296 4010
1422 2515
7037 6125
8058 3409
7294 4920
4931 1730
3551 50
1660 3643
5462 7425
3408 4294
7087 2899
576 5918
167 3949
1402 2848
4384 7596
7085 3475
5009 3195
415 7516
4074 7715
5797 1029
3695 6814
4684 5082
4987 2067
718 2096
4926 7577
5036 5788
6868 3509
7209 6137
6825 979
6429 6947
1571 227
1879 2870
1761 1407
5354 2761
278 3917
3153 2949
5920 2937
7800 4847
5749 3467
6691 468
4720 6322
1398 1799
6225 1473
3468 5936
1460 3846
7908 6894
6994 5004
867 8030
4810 6589
4443 1685
7929 366
4099 4539
793 8001
2299 3541
5768 467
1659 3816
8106 7121
4388 1741
4653 1897
6017 5119
7444 5467
513 5824
5192 5772
920 1081
2638 8022
7539 5547
3490 4209
3061 7191
4590 1970
7589 7754
4319 1602
1736 1661
4217 5243
185 3141
1558 1888
5665 4513
8073 6815
238 7551
6886 2573
8022 2504
5681 3106
4977 2632
3255 1964
8028 708
3353 7133
6391 5904
5801 2944
6628 4245
6740 1565
7445 2152
2610 4757
4263 2695
4987 2991
5353 8060
6961 7936
759 1029
2298 370
703 3481
7630 4457
418 815
7505 5294
7818 338
6927 3260
6927 8014
5923 6128
832 803
2106 3663
1141 1985
6336 6573
1577 1604
933 4302
5475 4737
4179 3548
1066 5320
8129 3488
553 2915
4666 4385
1069 7896
1826 6123
5640 4109
5541 6277
2353 7511
3412 6856
7206 7918
6806 5606
7662 1530
3669 5227
5221 5553
6938 2351
681 6155
6931 4837
1501 6218
266 517
463 1834
878 5437
203 4778
5714 872
6289 6009
2184 1053
3102 4549
1889 8137
5340 5656
1488 8031
3313 7555
1656 2361
7104 6296
1084 6392
5416 8047
2483 8038
6583 4085
7319 7762
5814 7186
820 6236
6468 556
1545 6450
3811 873
218 7170
2458 6014
751 7716
2097 4371
5661 5162
3699 954
4361 3126
5394 5997
2737 79
573 4626
1725 2701
4835 5491
8020 7013
6705 6546
2129 1152
6318 3340
7475 5387
78 7720
8016 263
6168 2949
4636 2424
7462 7120
4567 1960
5489 7834
4911 108
3151 3192
5463 7901
6808 3276
6746 676
6260 2440
4656 700
2889 518
6860 3166
6303 7972
4650 1960
6926 7975
6626 6873
1202 6780
322 5522
7485 2582
5923 775
78 310
7338 7241
2113 920
3728 4280
7235 145
7017 5010
2173 5642
1898 1265
218 5240
3529 1533
2297 1998
2457 3522
6493 4090
6589 743
7549 8129
7270 6745
4289 4178
7536 5839
4372 1663
658 3027
6654 5721
6275 7492
6209 7926
628 8086
7181 5340
2759 6496
5864 56
5687 4989
74 622
5707 241
5871 538
1179 2917
3570 2303
2301 2280
5122 1780
6738 5720
2532 2529
6873 2516
384 1171
1862 2781
5474 4672
3379 4136
5747 6562
5911 201
1504 7
2029 4755
3328 2479
5721 423
5780 3140
2004 1667
2393 7899
8023 5602
5800 3483
2574 2630
3074 2073
3966 4102
4996 3726
6685 7788
5648 6930
380 4309
7736 6128
542 3408
269 6184
2274 3116
6685 1280
837 2625
1655 2318
5713 1250
162 3374
119 3042
2438 5004
1389 5095
3998 3234
1263 4719
7755 7139
4652 7390
6913 4578
5665 3254
3692 1160
4834 3086
3641 787
7872 7599
7941 3723
5056 404
6792 2546
312 11
3180 613
1738 2542
3930 7569
2156 7266
2722 974
5243 1348
3991 7081
1184 229
685 4103
782 6089
6948 902
6389 7841
6883 1486
2825 3474
2584 4320
6854 1985
2198 5451
4906 5485
1484 4986
2747 5469
4550 4401
5109 6362
5785 2143
5496 7143
1943 2798
7845 6590
6879 2575
7455 7882
2051 3520
4368 5695
6383 1197
3221 2051
4874 2870
3602 6783
2489 5748
1195 907
3872 7808
2504 7241
466 5038
2014 3464
5485 4543
5788 7465
462 3656
4393 3546
7199 2671
84 5772
949 5199
4535 6429
5856 1450
2391 11
2613 2649
7957 3604
5871 317
4704 4180
6296 5691
7573 2634
5380 7585
535 3536
6919 949
2461 3749
6999 7507
794 2758
2436 5308
8027 586
6351 7529
1533 7668
3720 6613
3103 3899
4698 2489
6800 4797
2010 5206
3516 6113
3659 7017
6378 5387
4285 5536
1081 6475
4762 1374
6412 7745
7255 5006
7444 397
4258 6664
4617 2817
4367 2401
2940 2068
2612 3190
5390 1423
256 3200
1992 2785
3037 3661
7000 302
4015 3524
8142 4951
1628 2807
2185 18
4662 3790
2088 3723
1670 5896
7791 2113
5857 263
7158 455
3312 3048
4182 7744
7808 2965
2138 5886
5047 735
2794 5446
5735 2304
6689 6521
3518 5227
4345 120
3744 3014
1208 3951
8127 5080
7316 2628
327 1559
54 974
7125 801
915 2103
5103 3782
4076 2918
750 2039
7507 400
1391 7433
6622 2559
2399 7168
7631 1169
6201 51
247 4838
7824 7871
220 2092
3213 2119
476 3663
1460 5281
4485 7337
6507 4907
7290 5906
6064 656
1774 1398
1934 2838
6738 6776
1999 5072
6874 166
3939 4663
5649 1796
1786 80
3150 3952
1490 3562
2734 2296
4330 7374
6300 1687
7771 6970
99 7719
4122 190
2663 5754
4362 2318
7437 3590
2326 3005
1082 5813
6270 1634
6838 3171
2806 2587
6136 5956
2022 4667
2186 1912
6785 267
3192 3375
468 2690
6117 1624
6824 1088
1159 3112
4224 7552
5143 6996
4643 292
1520 1145
3308 7855
8169 117
3944 4976
6402 3775
5263 5699
5624 4858
5902 2357
236 7194
3350 5200
5873 7473
7834 3815
1903 6867
5339 2006
32 2487
5982 5508
7776 6135
3034 2210
5915 6664
181 2475
1323 3740
5346 348
2585 2157
4990 413
5442 7893
6916 292
7669 2762
8165 2825
2778 7471
2986 1789
4034 807
3540 3318
5335 1354
2494 7106
4842 906
8057 4603
5906 5689
1180 1498
2275 4304
597 5587
4022 3622
208 1470
1614 4641
2322 6275
5432 5004
298 2000
6016 103
1486 6060
3702 2237
1740 585
1271 2983
8014 6001
4632 4980
764 4002
6481 5377
3214 5104
62 2429
1672 5582
6695 7225
274 1046
7653 6310
3066 5086
7430 73
3230 957
5548 784
3875 3063
6171 6727
2318 107
5852 3462
3028 6405
519 7699
2651 1597
6806 6668
4195 454
215 907
7278 4878
181 1340
5566 5652
5338 3185
2178 5996
1905 6245
8185 6830
6646 1566
3955 1103
7974 5894
2550 3935
1913 7546
3302 4593
494 54
4785 6104
136 5029
5599 5176
5203 6707
922 869
6301 3467
4134 909
1271 3060
51 2029
5584 1177
5376 5036
4785 7549
5919 6081
4596 5463
2309 3967
393 2284
5909 6825
5924 2577
5272 5658
1279 6288
1994 5725
7967 1405
4521 1727
4885 2625
1547 3319
5638 372
3745 6928
2678 961
7634 214
3257 3342
6354 7312
6761 7659
5726 6414
6653 5470
7138 2442
547 2225
752 7508
8114 6478
1261 2991
2503 6552
6445 3759
6902 1679
7989 4622
2522 7311
2512 7707
3215 6066
5775 1256
1547 8029
5932 6568
2747 7091
3716 3640
7193 5451
746 397
207 1525
2322 2662
298 529
6610 978
6853 1413
2561 4604
1018 1107
1999 7995
2051 3422
5381 4898
101 5323
81 3841
5043 6199
8119 7690
5023 4224
1247 2985
3167 6989
1543 1147
2748 320
6781 6167
2759 8101
7144 715
5026 6261
4064 1644
3061 386
1489 6722
3847 5122
4200 5183
6766 3324
6443 6286
1454 2579
2 4073
684 6128
66 2171
7652 2493
595 3906
6291 4780
7396 7246
6549 382
8097 46
7841 3640
7847 2029
2855 1644
2747 651
4916 8143
2332 3085
2174 303
485 5858
1264 1287
143 2216
4428 2012
659 3374
6158 2020
2140 6170
6645 4181
3270 1386
5851 2281
3303 2354
6777 372
1952 1856
3263 4419
2 199
5605 2446
5132 6573
4258 7682
2309 1317
3092 7908
6228 1781
4169 7850
6088 4438
7355 3698
99 5968
5182 1431
4488 4175
4094 5834
7201 4571
6416 388
3837 6175
7247 4513
5843 7454
3431 412
355 888
7525 987
145 6709
4571 1914
3948 1175
2808 3081
4048 2967
368 5828
180 6137
6899 2606
7596 6654
7985 1078
1744 3078
7978 7593
2028 5841
3336 2933
6022 5874
785 63
6439 460
1853 5365
1782 6742
6194 5014
1192 5127
3217 3651
4053 572
3602 4847
3985 4681
8087 5839
5414 405
819 5761
5108 5498
7247 5637
1288 2322
4499 4730
6718 5371
1726 4134
8134 2943
7674 1592
3968 2930
6770 4282
7342 5855
7377 544
1696 6755
4351 7639
205 3238
4073 60
7796 3624
2546 5596
1439 3195
3285 6862
7379 657
3399 7805
4090 6600
3732 5162
2636 5107
1397 4503
8166 2610
507 3864
5748 7779
6547 1896
6684 8154
5599 5498
3102 2298
7262 1850
6089 3904
3034 5434
914 2941
3123 4250
3470 7059
1394 4219
2263 4436
2143 357
4203 1275
1002 6510
391 4642
2905 5923
2818 3386
7352 6096
322 7943
8186 764
5912 1178
6879 959
5519 6878
693 8067
7228 958
6619 3112
4364 1998
7324 1657
3997 7955
96 2635
3725 3643
3343 1091
3152 4853
7548 3866
7416 5246
5069 4171
6340 7331
631 5672
5971 6244
193 5614
3245 6054
7531 2187
9 679
6504 4137
241 6884
1649 2340
4579 3349
5660 1639
558 293
1899 6694
3008 7883
3265 6352
7235 413
4959 5573
1904 5612
6555 710
7045 5838
581 4998
8107 2257
5397 6220
4038 5778
2188 5046
1361 7193
6057 344
1446 704
7545 98
4479 5511
5456 5091
4751 542
6283 5774
3820 818
3695 3622
7035 4130
6617 7711
1701 5830
126 5685
2146 7134
1265 8181
1026 219
4142 7300
5672 1647
5584 7479
7980 1212
4047 5865
5217 8070
3372 6253
7264 7623
4832 7256
6007 3496
7975 2163
6777 8040
3327 2012
3425 256
2548 4560
1975 205
5384 4295
2859 2003
4627 5890
823 4360
4522 4477
3845 6614
822 7576
7419 5793
3394 4439
438 5160
7986 4551
6342 5317
7592 5287
502 4006
2104 6868
1096 7530
2220 1631
4387 2537
5224 2017
7689 2123
3822 1185
7780 5120
6798 6995
1756 5807
4896 7862
7182 5060
6191 5949
7937 5202
6263 765
7559 1508
712 379
1464 2467
6964 12
7794 3595
5955 7187
4281 2602
5475 1318
427 1815
4080 7143
1982 2109
7826 4231
7441 2184
4332 742
1445 6985
1882 3392
3506 1876
3425 1588
2835 1764
1596 4715
5149 1311
7586 2942
4587 3646
1022 5014
5410 5469
3289 5111
4743 7498
3671 2477
711 2650
6574 3407
508 598
1502 5938
3098 5126
4655 3965
26 6636
5996 1055
1428 955
5721 654
7482 7977
3734 7705
4287 1736
7146 6900
6613 2767
5976 3674
5517 4192
3705 4205
8100 791
5404 416
3559 1564
1197 1239
627 3619
532 2594
6046 1889
1523 7891
4343 3884
2233 1819
1711 2235
6075 8142
3070 2852
5769 4631
6512 376
1401 1783
5918 2381
1350 1993
7052 8148
1477 4818
5998 5154
1665 6196
330 5480
5648 7741
5506 2122
1991 5801
2966 3322
3537 2408
5763 3427
7523 7083
3359 494
6849 4525
7815 7346
2066 1077
1876 6377
7114 5110
4013 2090
1501 6894
1702 436
4437 2673
886 7361
2303 1593
3714 5350
6701 3855
966 7216
7384 2228
693 174
2158 3884
4532 3116
6901 1478
7315 5797
4721 2035
4007 5200
4719 1909
3568 6259
3659 5731
1987 6981
5239 6846
6873 5303
593 5891
526 2402
1911 5715
7974 3683
4640 7303
2078 5661
7718 1192
7101 3881
6077 3847
1931 4417
2261 2466
6907 8148
5978 1926
7171 4257
3366 5262
2666 5872
2637 3675
4793 2827
7805 5309
6509 207
2715 2220
4388 4429
6968 3645
2703 5968
2306 4690
7436 3269
5256 3354
6152 8126
7013 2600
7129 6975
4538 814
5768 2816
3296 4010
1422 2515
7037 6125
8058 3409
7294 4920
4931 1730
3551 50
1660 3643
5462 7425
3408 4294
7087 2899
576 5918
167 3949
1402 2848
4384 7596
7085 3475
5009 3195
415 7516
4074 7715
5797 1029
3695 6814
4684 5082
4987 2067
718 2096
4926 7577
5036 5788
6868 3509
7209 6137
6825 979
6429 6947
1571 227
1879 2870
1761 1407
5354 2761
278 3917
3153 2949
5920 2937
7800 4847
5749 3467
6691 468
4720 6322
1398 1799
6225 1473
3468 5936
1460 3846
7908 6894
6994 5004
867 8030
4810 6589
4443 1685
7929 366
4099 4539
793 8001
2299 3541
5768 467
1659 3816
8106 7121
4388 1741
4653 1897
6017 5119
7444 5467
513 5824
5192 5772
920 1081
2638 8022
7539 5547
3490 4209
3061 7191
4590 1970
7589 7754
4319 1602
1736 1661
4217 5243
185 3141
1558 1888
5665 4513
8073 6815
238 7551
6886 2573
8022 2504
5681 3106
4977 2632
3255 1964
8028 708
3353 7133
6391 5904
5801 2944
6628 4245
6740 1565
7445 2152
2610 4757
4263 2695
4987 2991
5353 8060
6961 7936
759 1029
2298 370
703 3481
7630 4457
418 815
7505 5294
7818 338
6927 3260
6927 8014
5923 6128
832 803
2106 3663
1141 1985
6336 6573
1577 1604
933 4302
5475 4737
4179 3548
1066 5320
8129 3488
553 2915
4666 4385
1069 7896
1826 6123
5640 4109
5541 6277
2353 7511
3412 6856
7206 7918
6806 5606
7662 1530
3669 5227
5221 5553
6938 2351
681 6155
6931 4837
1501 6218
266 517
463 1834
878 5437
203 4778
5714 872
6289 6009
2184 1053
3102 4549
1889 8137
5340 5656
1488 8031
3313 7555
1656 2361
7104 6296
1084 6392
5416 8047
2483 8038
6583 4085
7319 7762
5814 7186
820 6236
6468 556
1545 6450
3811 873
218 7170
2458 6014
751 7716
2097 4371
5661 5162
3699 954
4361 3126
5394 5997
2737 79
573 4626
1725 2701
4835 5491
8020 7013
6705 6546
2129 1152
6318 3340
7475 5387
78 7720
8016 263
6168 2949
4636 2424
7462 7120
4567 1960
5489 7834
4911 108
3151 3192
5463 7901
6808 3276
6746 676
6260 2440
4656 700
2889 518
6860 3166
6303 7972
4650 1960
6926 7975
6626 6873
1202 6780
322 5522
7485 2582
5923 775
78 310
7338 7241
2113 920
3728 4280
7235 145
7017 5010
2173 5642
1898 1265
218 5240
3529 1533
2297 1998
2457 3522
6493 4090
6589 743
7549 8129
7270 6745
4289 4178
7536 5839
4372 1663
658 3027
6654 5721
6275 7492
6209 7926
628 8086
7181 5340
2759 6496
5864 56
5687 4989
74 622
5707 241
5871 538
1179 2917
3570 2303
2301 2280
5122 1780
6738 5720
2532 2529
6873 2516
384 1171
1862 2781
5474 4672
3379 4136
5747 6562
5911 201
1504 7
2029 4755
3328 2479
5721 423
5780 3140
2004 1667
2393 7899
8023 5602
5800 3483
2574 2630
3074 2073
3966 4102
4996 3726
6685 7788
5648 6930
380 4309
7736 6128
542 3408
269 6184
2274 3116
6685 1280
837 2625
1655 2318
5713 1250
162 3374
119 3042
2438 5004
1389 5095
3998 3234
1263 4719
7755 7139
4652 7390
6913 4578
5665 3254
3692 1160
4834 3086
3641 787
7872 7599
7941 3723
5056 404
6792 2546
312 11
3180 613
1738 2542
3930 7569
2156 7266
2722 974
5243 1348
3991 7081
1184 229
685 4103
782 6089
6948 902
6389 7841
6883 1486
2825 3474
2584 4320
6854 1985
2198 5451
4906 5485
1484 4986
2747 5469
4550 4401
5109 6362
5785 2143
5496 7143
1943 2798
7845 6590
6879 2575
7455 7882
2051 3520
4368 5695
6383 1197
3221 2051
4874 2870
3602 6783
2489 5748
1195 907
3872 7808
2504 7241
466 5038
2014 3464
5485 4543
5788 7465
462 3656
4393 3546
7199 2671
84 5772
949 5199
4535 6429
5856 1450
2391 11
2613 2649
7957 3604
5871 317
4704 4180
6296 5691
7573 2634
5380 7585
535 3536
6919 949
2461 3749
6999 7507
794 2758
2436 5308
8027 586
6351 7529
1533 7668
3720 6613
3103 3899
4698 2489
6800 4797
2010 5206
3516 6113
3659 7017
6378 5387
4285 5536
1081 6475
4762 1374
6412 7745
7255 5006
7444 397
4258 6664
4617 2817
4367 2401
2940 2068
2612 3190
5390 1423
256 3200
1992 2785
3037 3661
7000 302
4015 3524
8142 4951
1628 2807
2185 18
4662 3790
2088 3723
1670 5896
7791 2113
5857 263
7158 455
3312 3048
4182 7744
7808 2965
2138 5886
5047 735
2794 5446
5735 2304
6689 6521
3518 5227
4345 120
3744 3014
1208 3951
8127 5080
7316 2628
327 1559
54 974
7125 801
915 2103
5103 3782
4076 2918
750 2039
7507 400
1391 7433
6622 2559
2399 7168
7631 1169
6201 51
247 4838
7824 7871
220 2092
3213 2119
476 3663
1460 5281
4485 7337
6507 4907
7290 5906
6064 656
1774 1398
1934 2838
6738 6776
1999 5072
6874 166
3939 4663
5649 1796
1786 80
3150 3952
1490 3562
2734 2296
4330 7374
6300 1687
7771 6970
99 7719
4122 190
2663 5754
4362 2318
7437 3590
2326 3005
1082 5813
6270 1634
6838 3171
2806 2587
6136 5956
2022 4667
2186 1912
6785 267
3192 3375
468 2690
6117 1624
6824 1088
1159 3112
4224 7552
5143 6996
4643 292
1520 1145
3308 7855
8169 117
3944 4976
6402 3775
5263 5699
5624 4858
5902 2357
236 7194
3350 5200
5873 7473
7834 3815
1903 6867
5339 2006
32 2487
5982 5508
7776 6135
3034 2210
5915 6664
181 2475
1323 3740
5346 348
2585 2157
4990 413
5442 7893
6916 292
7669 2762
8165 2825
2778 7471
2986 1789
4034 807
3540 3318
5335 1354
2494 7106
4842 906
8057 4603
5906 5689
1180 1498
2275 4304
597 5587
4022 3622
208 1470
1614 4641
2322 6275
5432 5004
298 2000
6016 103
1486 6060
3702 2237
1740 585
1271 2983
8014 6001
4632 4980
764 4002
6481 5377
3214 5104
62 2429
1672 5582
6695 7225
274 1046
7653 6310
3066 5086
7430 73
3230 957
5548 784
3875 3063
6171 6727
2318 107
5852 3462
3028 6405
519 7699
2651 1597
6806 6668
4195 454
215 907
7278 4878
181 1340
5566 5652
5338 3185
2178 5996
1905 6245
8185 6830
6646 1566
3955 1103
7974 5894
2550 3935
1913 7546
3302 4593
494 54
4785 6104
136 5029
5599 5176
5203 6707
922 869
6301 3467
4134 909
1271 3060
51 2029
5584 1177
5376 5036
4785 7549
5919 6081
4596 5463
2309 3967
393 2284
5909 6825
5924 2577
5272 5658
1279 6288
1994 5725
7967 1405
4521 1727
4885 2625
1547 3319
5638 372
3745 6928
2678 961
7634 214
3257 3342
6354 7312
6761 7659
5726 6414
6653 5470
7138 2442
547 2225
752 7508
8114 6478
1261 2991
2503 6552
6445 3759
6902 1679
7989 4622
2522 7311
2512 7707
3215 6066
5775 1256
1547 8029
5932 6568
2747 7091
3716 3640
7193 5451
746 397
207 1525
2322 2662
298 529
6610 978
6853 1413
2561 4604
1018 1107
1999 7995
2051 3422
5381 4898
101 5323
81 3841
5043 6199
8119 7690
5023 4224
1247 2985
3167 6989
1543 1147
2748 320
6781 6167
2759 8101
7144 715
5026 6261
4064 1644
3061 386
1489 6722
3847 5122
4200 5183
6766 3324
6443 6286
1454 2579
2 4073
684 6128
66 2171
7652 2493
595 3906
6291 4780
7396 7246
6549 382
8097 46
7841 3640
7847 2029
2855 1644
2747 651
4916 8143
2332 3085
2174 303
485 5858
1264 1287
143 2216
4428 2012
659 3374
6158 2020
2140 6170
6645 4181
3270 1386
5851 2281
3303 2354
6777 372
1952 1856
3263 4419
2 199
5605 2446
5132 6573
4258 7682
2309 1317
3092 7908
6228 1781
4169 7850
6088 4438
7355 3698
99 5968
5182 1431
4488 4175
4094 5834
7201 4571
6416 388
3837 6175
7247 4513
5843 7454
3431 412
355 888
7525 987
145 6709
4571 1914
3948 1175
2808 3081
4048 2967
368 5828
180 6137
6899 2606
7596 6654
7985 1078
1744 3078
7978 7593
2028 5841
3336 2933
6022 5874
785 63
6439 460
1853 5365
1782 6742
6194 5014
1192 5127
3217 3651
4053 572
3602 4847
3985 4681
8087 5839
5414 405
819 5761
5108 5498
7247 5637
1288 2322
4499 4730
6718 5371
1726 4134
8134 2943
7674 1592
3968 2930
6770 4282
7342 5855
7377 544
1696 6755
4351 7639
205 3238
4073 60
7796 3624
2546 5596
1439 3195
3285 6862
7379 657
3399 7805
4090 6600
3732 5162
2636 5107
1397 4503
8166 2610
507 3864
5748 7779
6547 1896
6684 8154
5599 5498
3102 2298
7262 1850
6089 3904
3034 5434
914 2941
3123 4250
3470 7059
1394 4219
2263 4436
2143 357
4203 1275
1002 6510
391 4642
2905 5923
2818 3386
7352 6096
322 7943
8186 764
5912 1178
6879 959
5519 6878
693 8067
7228 958
6619 3112
4364 1998
7324 1657
3997 7955
96 2635
3725 3643
3343 1091
3152 4853
7548 3866
7416 5246
5069 4171
6340 7331
631 5672
5971 6244
193 5614
3245 6054
7531 2187
9 679
6504 4137
241 6884
1649 2340
4579 3349
5660 1639
558 293
1899 6694
3008 7883
3265 6352
7235 413
4959 5573
1904 5612
6555 710
7045 5838
581 4998
8107 2257
5397 6220
4038 5778
2188 5046
1361 7193
6057 344
1446 704
7545 98
4479 5511
5456 5091
4751 542
6283 5774
3820 818
3695 3622
7035 4130
6617 7711
1701 5830
126 5685
2146 7134
1265 8181
1026 219
4142 7300
5672 1647
5584 7479
7980 1212
4047 5865
5217 8070
3372 6253
7264 7623
4832 7256
6007 3496
7975 2163
6777 8040
3327 2012
3425 256
2548 4560
1975 205
5384 4295
2859 2003
4627 5890
823 4360
4522 4477
3845 6614
822 7576
7419 5793
3394 4439
438 5160
7986 4551
6342 5317
7592 5287
502 4006
2104 6868
1096 7530
2220 1631
4387 2537
5224 2017
7689 2123
3822 1185
7780 5120
6798 6995
1756 5807
4896 7862
7182 5060
6191 5949
7937 5202
6263 765
7559 1508
712 379
1464 2467
6964 12
7794 3595
5955 7187
4281 2602
5475 1318
427 1815
4080 7143
1982 2109
7826 4231
7441 2184
4332 742
1445 6985
1882 3392
3506 1876
3425 1588
2835 1764
1596 4715
5149 1311
7586 2942
4587 3646
1022 5014
5410 5469
3289 5111
4743 7498
3671 2477
711 2650
6574 3407
508 598
1502 5938
3098 5126
4655 3965
26 6636
5996 1055
1428 955
5721 654
7482 7977
3734 7705
4287 1736
7146 6900
6613 2767
5976 3674
5517 4192
3705 4205
8100 791
5404 416
3559 1564
1197 1239
627 3619
532 2594
6046 1889
1523 7891
4343 3884
2233 1819
1711 2235
6075 8142
3070 2852
5769 4631
6512 376
1401 1783
5918 2381
1350 1993
7052 8148
1477 4818
5998 5154
1665 6196
330 5480
5648 7741
5506 2122
1991 5801
2966 3322
3537 2408
5763 3427
7523 7083
3359 494
6849 4525
7815 7346
2066 1077
1876 6377
7114 5110
4013 2090
1501 6894
1702 436
4437 2673
886 7361
2303 1593
3714 5350
6701 3855
966 7216
7384 2228
693 174
2158 3884
4532 3116
6901 1478
7315 5797
4721 2035
4007 5200
4719 1909
3568 6259
3659 5731
1987 6981
5239 6846
6873 5303
593 5891
526 2402
1911 5715
7974 3683
4640 7303
2078 5661
7718 1192
7101 3881
6077 3847
1931 4417
2261 2466
6907 8148
5978 1926
7171 4257
3366 5262
2666 5872
2637 3675
4793 2827
7805 5309
6509 207
2715 2220
4388 4429
6968 3645
2703 5968
2306 4690
7436 3269
5256 3354
6152 8126
7013 2600
7129 6975
4538 814
5768 2816
3296 4010
1422 2515
7037 6125
8058 3409
7294 4920
4931 1730
3551 50
1660 3643
5462 7425
3408 4294
7087 2899
576 5918
167 3949
1402 2848
4384 7596
7085 3475
5009 3195
415 7516
4074 7715
5797 1029
3695 6814
4684 5082
4987 2067
718 2096
4926 7577
5036 5788
6868 3509
7209 6137
6825 979
6429 6947
1571 227
1879 2870
1761 1407
5354 2761
278 3917
3153 2949
5920 2937
7800 4847
5749 3467
6691 468
4720 6322
1398 1799
6225 1473
3468 5936
1460 3846
7908 6894
6994 5004
867 8030
4810 6589
4443 1685
7929 366
4099 4539
793 8001
2299 3541
5768 467
1659 3816
8106 7121
4388 1741
4653 1897
6017 5119
7444 5467
513 5824
5192 5772
920 1081
2638 8022
7539 5547
3490 4209
3061 7191
4590 1970
7589 7754
4319 1602
1736 1661
4217 5243
185 3141
1558 1888
5665 4513
8073 6815
238 7551
6886 2573
8022 2504
5681 3106
4977 2632
3255 1964
8028 708
3353 7133
6391 5904
5801 2944
6628 4245
6740 1565
7445 2152
2610 4757
4263 2695
4987 2991
5353 8060
6961 7936
759 1029
2298 370
703 3481
7630 4457
418 815
7505 5294
7818 338
6927 3260
6927 8014
5923 6128
832 803
2106 3663
1141 1985
6336 6573
1577 1604
933 4302
5475 4737
4179 3548
1066 5320
8129 3488
553 2915
4666 4385
1069 7896
1826 6123
5640 4109
5541 6277
2353 7511
3412 6856
7206 7918
6806 5606
7662 1530
3669 5227
5221 5553
6938 2351
681 6155
6931 4837
1501 6218
266 517
463 1834
878 5437
203 4778
5714 872
6289 6009
2184 1053
3102 4549
1889 8137
5340 5656
1488 8031
3313 7555
1656 2361
7104 6296
1084 6392
5416 8047
2483 8038
6583 4085
7319 7762
5814 7186
820 6236
6468 556
1545 6450
3811 873
218 7170
2458 6014
751 7716
2097 4371
5661 5162
3699 954
4361 3126
5394 5997
2737 79
573 4626
1725 2701
4835 5491
8020 7013
6705 6546
2129 1152
6318 3340
7475 5387
78 7720
8016 263
6168 2949
4636 2424
7462 7120
4567 1960
5489 7834
4911 108
3151 3192
5463 7901
6808 3276
6746 676
6260 2440
4656 700
2889 518
6860 3166
6303 7972
4650 1960
6926 7975
6626 6873
1202 6780
322 5522
7485 2582
5923 775
78 310
7338 7241
2113 920
3728 4280
7235 145
7017 5010
2173 5642
1898 1265
218 5240
3529 1533
2297 1998
2457 3522
6493 4090
6589 743
7549 8129
7270 6745
4289 4178
7536 5839
4372 1663
658 3027
6654 5721
6275 7492
6209 7926
628 8086
7181 5340
2759 6496
5864 56
5687 4989
74 622
5707 241
5871 538
1179 2917
3570 2303
2301 2280
5122 1780
6738 5720
2532 2529
6873 2516
384 1171
1862 2781
5474 4672
3379 4136
5747 6562
5911 201
1504 7
2029 4755
3328 2479
5721 423
5780 3140
2004 1667
2393 7899
8023 5602
5800 3483
2574 2630
3074 2073
3966 4102
4996 3726
6685 7788
5648 6930
380 4309
7736 6128
542 3408
269 6184
2274 3116
6685 1280
837 2625
1655 2318
5713 1250
162 3374
119 3042
2438 5004
1389 5095
3998 3234
1263 4719
7755 7139
4652 7390
6913 4578
5665 3254
3692 1160
4834 3086
3641 787
7872 7599
7941 3723
5056 404
6792 2546
312 11
3180 613
1738 2542
3930 7569
2156 7266
2722 974
5243 1348
3991 7081
1184 229
685 4103
782 6089
6948 902
6389 7841
6883 1486
2825 3474
2584 4320
6854 1985
2198 5451
4906 5485
1484 4986
2747 5469
4550 4401
5109 6362
5785 2143
5496 7143
1943 2798
7845 6590
6879 2575
7455 7882
2051 3520
4368 5695
6383 1197
3221 2051
4874 2870
3602 6783
2489 5748
1195 907
3872 7808
2504 7241
466 5038
2014 3464
5485 4543
5788 7465
462 3656
4393 3546
7199 2671
84 5772
949 5199
4535 6429
5856 1450
2391 11
2613 2649
7957 3604
5871 317
4704 4180
6296 5691
7573 2634
5380 7585
535 3536
6919 949
2461 3749
6999 7507
794 2758
2436 5308
8027 586
6351 7529
1533 7668
3720 6613
3103 3899
4698 2489
6800 4797
2010 5206
3516 6113
3659 7017
6378 5387
4285 5536
1081 6475
4762 1374
6412 7745
7255 5006
7444 397
4258 6664
4617 2817
4367 2401
2940 2068
2612 3190
5390 1423
256 3200
1992 2785
3037 3661
7000 302
4015 3524
8142 4951
1628 2807
2185 18
4662 3790
2088 3723
1670 5896
7791 2113
5857 263
7158 455
3312 3048
4182 7744
7808 2965
2138 5886
5047 735
2794 5446
5735 2304
6689 6521
3518 5227
4345 120
3744 3014
1208 3951
8127 5080
7316 2628
327 1559
54 974
7125 801
915 2103
5103 3782
4076 2918
750 2039
7507 400
1391 7433
6622 2559
2399 7168
7631 1169
6201 51
247 4838
7824 7871
220 2092
3213 2119
476 3663
1460 5281
4485 7337
6507 4907
7290 5906
6064 656
1774 1398
1934 2838
6738 6776
1999 5072
6874 166
3939 4663
5649 1796
1786 80
3150 3952
1490 3562
2734 2296
4330 7374
6300 1687
7771 6970
99 7719
4122 190
2663 5754
4362 2318
7437 3590
2326 3005
1082 5813
6270 1634
6838 3171
2806 2587
6136 5956
2022 4667
2186 1912
6785 267
3192 3375
468 2690
6117 1624
6824 1088
1159 3112
4224 7552
5143 6996
4643 292
1520 1145
3308 7855
8169 117
3944 4976
6402 3775
5263 5699
5624 4858
5902 2357
236 7194
3350 5200
5873 7473
7834 3815
1903 6867
5339 2006
32 2487
5982 5508
7776 6135
3034 2210
5915 6664
181 2475
1323 3740
5346 348
2585 2157
4990 413
5442 7893
6916 292
7669 2762
8165 2825
2778 7471
2986 1789
4034 807
3540 3318
5335 1354
2494 7106
4842 906
8057 4603
5906 5689
1180 1498
2275 4304
597 5587
4022 3622
208 1470
1614 4641
2322 6275
5432 5004
298 2000
6016 103
1486 6060
3702 2237
1740 585
1271 2983
8014 6001
4632 4980
764 4002
6481 5377
3214 5104
62 2429
1672 5582
6695 7225
274 1046
7653 6310
3066 5086
7430 73
3230 957
5548 784
3875 3063
6171 6727
2318 107
5852 3462
3028 6405
519 7699
2651 1597
6806 6668
4195 454
215 907
7278 4878
181 1340
5566 5652
5338 3185
2178 5996
1905 6245
8185 6830
6646 1566
3955 1103
7974 5894
2550 3935
1913 7546
3302 4593
494 54
4785 6104
136 5029
5599 5176
5203 6707
922 869
6301 3467
4134 909
1271 3060
51 2029
5584 1177
5376 5036
4785 7549
5919 6081
4596 5463
2309 3967
393 2284
5909 6825
5924 2577
5272 5658
1279 6288
1994 5725
7967 1405
4521 1727
4885 2625
1547 3319
5638 372
3745 6928
2678 961
7634 214
3257 3342
6354 7312
6761 7659
5726 6414
6653 5470
7138 2442
547 2225
752 7508
8114 6478
1261 2991
2503 6552
6445 3759
6902 1679
7989 4622
2522 7311
2512 7707
3215 6066
5775 1256
1547 8029
5932 6568
2747 7091
3716 3640
7193 5451
746 397
207 1525
2322 2662
298 529
6610 978
6853 1413
2561 4604
1018 1107
1999 7995
2051 3422
5381 4898
101 5323
81 3841
5043 6199
8119 7690
5023 4224
1247 2985
3167 6989
1543 1147
2748 320
6781 6167
2759 8101
7144 715
5026 6261
4064 1644
3061 386
1489 6722
3847 5122
4200 5183
6766 3324
6443 6286
1454 2579
2 4073
684 6128
66 2171
7652 2493
595 3906
6291 4780
7396 7246
6549 382
8097 46
7841 3640
7847 2029
2855 1644
2747 651
4916 8143
2332 3085
2174 303
485 5858
1264 1287
143 2216
4428 2012
659 3374
6158 2020
2140 6170
6645 4181
3270 1386
5851 2281
3303 2354
6777 372
1952 1856
3263 4419
2 199
5605 2446
5132 6573
4258 7682
2309 1317
3092 7908
6228 1781
4169 7850
6088 4438
7355 3698
99 5968
5182 1431
4488 4175
4094 5834
7201 4571
6416 388
3837 6175
7247 4513
5843 7454
3431 412
355 888
7525 987
145 6709
4571 1914
3948 1175
2808 3081
4048 2967
368 5828
180 6137
6899 2606
7596 6654
7985 1078
1744 3078
7978 7593
2028 5841
3336 2933
6022 5874
785 63
6439 460
1853 5365
1782 6742
6194 5014
1192 5127
3217 3651
4053 572
3602 4847
3985 4681
8087 5839
5414 405
819 5761
5108 5498
7247 5637
1288 2322
4499 4730
6718 5371
1726 4134
8134 2943
7674 1592
3968 2930
6770 4282
7342 5855
7377 544
1696 6755
4351 7639
205 3238
4073 60
7796 3624
2546 5596
1439 3195
3285 6862
7379 657
3399 7805
4090 6600
3732 5162
2636 5107
1397 4503
8166 2610
507 3864
5748 7779
6547 1896
6684 8154
5599 5498
3102 2298
7262 1850
6089 3904
3034 5434
914 2941
3123 4250
3470 7059
1394 4219
2263 4436
2143 357
4203 1275
1002 6510
391 4642
2905 5923
2818 3386
7352 6096
322 7943
8186 764
5912 1178
6879 959
5519 6878
693 8067
7228 958
6619 3112
4364 1998
7324 1657
3997 7955
96 2635
3725 3643
3343 1091
3152 4853
7548 3866
7416 5246
5069 4171
6340 7331
631 5672
5971 6244
193 5614
3245 6054
7531 2187
9 679
6504 4137
241 6884
1649 2340
4579 3349
5660 1639
558 293
1899 6694
3008 7883
3265 6352
7235 413
4959 5573
1904 5612
6555 710
7045 5838
581 4998
8107 2257
5397 6220
4038 5778
2188 5046
1361 7193
6057 344
1446 704
7545 98
4479 5511
5456 5091
4751 542
6283 5774
3820 818
3695 3622
7035 4130
6617 7711
1701 5830
126 5685
2146 7134
1265 8181
1026 219
4142 7300
5672 1647
5584 7479
7980 1212
4047 5865
5217 8070
3372 6253
7264 7623
4832 7256
6007 3496
7975 2163
6777 8040
3327 2012
3425 256
2548 4560
1975 205
5384 4295
2859 2003
4627 5890
823 4360
4522 4477
3845 6614
822 7576
7419 5793
3394 4439
438 5160
7986 4551
6342 5317
7592 5287
502 4006
2104 6868
1096 7530
2220 1631
4387 2537
5224 2017
7689 2123
3822 1185
7780 5120
6798 6995
1756 5807
4896 7862
7182 5060
6191 5949
7937 5202
6263 765
7559 1508
712 379
1464 2467
6964 12
7794 3595
5955 7187
4281 2602
5475 1318
427 1815
4080 7143
1982 2109
7826 4231
7441 2184
4332 742
1445 6985
1882 3392
3506 1876
3425 1588
2835 1764
1596 4715
5149 1311
7586 2942
4587 3646
1022 5014
5410 5469
3289 5111
4743 7498
3671 2477
711 2650
6574 3407
508 598
1502 5938
3098 5126
4655 3965
26 6636
5996 1055
1428 955
5721 654
7482 7977
3734 7705
4287 1736
7146 6900
6613 2767
5976 3674
5517 4192
3705 4205
8100 791
5404 416
3559 1564
1197 1239
627 3619
532 2594
6046 1889
1523 7891
4343 3884
2233 1819
1711 2235
6075 8142
3070 2852
5769 4631
6512 376
1401 1783
5918 2381
1350 1993
7052 8148
1477 4818
5998 5154
1665 6196
330 5480
5648 7741
5506 2122
1991 5801
2966 3322
3537 2408
5763 3427
7523 7083
3359 494
6849 4525
7815 7346
2066 1077
1876 6377
7114 5110
4013 2090
1501 6894
1702 436
4437 2673
886 7361
2303 1593
3714 5350
6701 3855
966 7216
7384 2228
693 174
2158 3884
4532 3116
6901 1478
7315 5797
4721 2035
4007 5200
4719 1909
3568 6259
3659 5731
1987 6981
5239 6846
6873 5303
593 5891
526 2402
1911 5715
7974 3683
4640 7303
2078 5661
7718 1192
7101 3881
6077 3847
1931 4417
2261 2466
6907 8148
5978 1926
7171 4257
3366 5262
2666 5872
2637 3675
4793 2827
7805 5309
6509 207
2715 2220
4388 4429
6968 3645
2703 5968
2306 4690
7436 3269
5256 3354
6152 8126
7013 2600
7129 6975
4538 814
5768 2816
3296 4010
1422 2515
7037 6125
8058 3409
7294 4920
4931 1730
3551 50
1660 3643
5462 7425
3408 4294
7087 2899
576 5918
167 3949
1402 2848
4384 7596
7085 3475
5009 3195
415 7516
4074 7715
5797 1029
3695 6814
4684 5082
4987 2067
718 2096
4926 7577
5036 5788
6868 3509
7209 6137
6825 979
6429 6947
1571 227
1879 2870
1761 1407
5354 2761
278 3917
3153 2949
5920 2937
7800 4847
5749 3467
6691 468
4720 6322
1398 1799
6225 1473
3468 5936
1460 3846
7908 6894
6994 5004
867 8030
4810 6589
4443 1685
7929 366
4099 4539
793 8001
2299 3541
5768 467
1659 3816
8106 7121
4388 1741
4653 1897
6017 5119
7444 5467
513 5824
5192 5772
920 1081
2638 8022
7539 5547
3490 4209
3061 7191
4590 1970
7589 7754
4319 1602
1736 1661
4217 5243
185 3141
1558 1888
5665 4513
8073 6815
238 7551
6886 2573
8022 2504
5681 3106
4977 2632
3255 1964
8028 708
3353 7133
6391 5904
5801 2944
6628 4245
6740 1565
7445 2152
2610 4757
4263 2695
4987 2991
5353 8060
6961 7936
759 1029
2298 370
703 3481
7630 4457
418 815
7505 5294
7818 338
6927 3260
6927 8014
5923 6128
832 803
2106 3663
1141 1985
6336 6573
1577 1604
933 4302
5475 4737
4179 3548
1066 5320
8129 3488
553 2915
4666 4385
1069 7896
1826 6123
5640 4109
5541 6277
2353 7511
3412 6856
7206 7918
6806 5606
7662 1530
3669 5227
5221 5553
6938 2351
681 6155
6931 4837
1501 6218
266 517
463 1834
878 5437
203 4778
5714 872
6289 6009
2184 1053
3102 4549
1889 8137
5340 5656
1488 8031
3313 7555
1656 2361
7104 6296
1084 6392
5416 8047
2483 8038
6583 4085
7319 7762
5814 7186
820 6236
6468 556
1545 6450
3811 873
218 7170
2458 6014
751 7716
2097 4371
5661 5162
3699 954
4361 3126
5394 5997
2737 79
573 4626
1725 2701
4835 5491
8020 7013
6705 6546
2129 1152
6318 3340
7475 5387
78 7720
8016 263
6168 2949
4636 2424
7462 7120
4567 1960
5489 7834
4911 108
3151 3192
5463 7901
6808 3276
6746 676
6260 2440
4656 700
2889 518
6860 3166
6303 7972
4650 1960
6926 7975
6626 6873
1202 6780
322 5522
7485 2582
5923 775
78 310
7338 7241
2113 920
3728 4280
7235 145
7017 5010
2173 5642
1898 1265
218 5240
3529 1533
2297 1998
2457 3522
6493 4090
6589 743
7549 8129
7270 6745
4289 4178
7536 5839
4372 1663
658 3027
6654 5721
6275 7492
6209 7926
628 8086
7181 5340
2759 6496
5864 56
5687 4989
74 622
5707 241
5871 538
1179 2917
3570 2303
2301 2280
5122 1780
6738 5720
2532 2529
6873 2516
384 1171
1862 2781
5474 4672
3379 4136
5747 6562
5911 201
1504 7
2029 4755
3328 2479
5721 423
5780 3140
2004 1667
2393 7899
8023 5602
5800 3483
2574 2630
3074 2073
3966 4102
4996 3726
6685 7788
5648 6930
380 4309
7736 6128
542 3408
269 6184
2274 3116
6685 1280
837 2625
1655 2318
5713 1250
162 3374
119 3042
2438 5004
1389 5095
3998 3234
1263 4719
7755 7139
4652 7390
6913 4578
5665 3254
3692 1160
4834 3086
3641 787
7872 7599
7941 3723
5056 404
6792 2546
312 11
3180 613
1738 2542
3930 7569
2156 7266
2722 974
5243 1348
3991 7081
1184 229
685 4103
782 6089
6948 902
6389 7841
6883 1486
2825 3474
2584 4320
6854 1985
2198 5451
4906 5485
1484 4986
2747 5469
4550 4401
5109 6362
5785 2143
5496 7143
1943 2798
7845 6590
6879 2575
7455 7882
2051 3520
4368 5695
6383 1197
3221 2051
4874 2870
3602 6783
2489 5748
1195 907
3872 7808
2504 7241
466 5038
2014 3464
5485 4543
5788 7465
462 3656
4393 3546
7199 2671
84 5772
949 5199
4535 6429
5856 1450
2391 11
2613 2649
7957 3604
5871 317
4704 4180
6296 5691
7573 2634
5380 7585
535 3536
6919 949
2461 3749
6999 7507
794 2758
2436 5308
8027 586
6351 7529
1533 7668
3720 6613
3103 3899
4698 2489
6800 4797
2010 5206
3516 6113
3659 7017
6378 5387
4285 5536
1081 6475
4762 1374
6412 7745
7255 5006
7444 397
4258 6664
4617 2817
4367 2401
2940 2068
2612 3190
5390 1423
256 3200
1992 2785
3037 3661
7000 302
4015 3524
8142 4951
1628 2807
2185 18
4662 3790
2088 3723
1670 5896
7791 2113
5857 263
7158 455
3312 3048
4182 7744
7808 2965
2138 5886
5047 735
2794 5446
5735 2304
6689 6521
3518 5227
4345 120
3744 3014
1208 3951
8127 5080
7316 2628
327 1559
54 974
7125 801
915 2103
5103 3782
4076 2918
750 2039
7507 400
1391 7433
6622 2559
2399 7168
7631 1169
6201 51
247 4838
7824 7871
220 2092
3213 2119
476 3663
1460 5281
4485 7337
6507 4907
7290 5906
6064 656
1774 1398
1934 2838
6738 6776
1999 5072
6874 166
3939 4663
5649 1796
1786 80
3150 3952
1490 3562
2734 2296
4330 7374
6300 1687
7771 6970
99 7719
4122 190
2663 5754
4362 2318
7437 3590
2326 3005
1082 5813
6270 1634
6838 3171
2806 2587
6136 5956
2022 4667
2186 1912
6785 267
3192 3375
468 2690
6117 1624
6824 1088
1159 3112
4224 7552
5143 6996
4643 292
1520 1145
3308 7855
8169 117
3944 4976
6402 3775
5263 5699
5624 4858
5902 2357
236 7194
3350 5200
5873 7473
7834 3815
1903 6867
5339 2006
32 2487
5982 5508
7776 6135
3034 2210
5915 6664
181 2475
1323 3740
5346 348
2585 2157
4990 413
5442 7893
6916 292
7669 2762
8165 2825
2778 7471
2986 1789
4034 807
3540 3318
5335 1354
2494 7106
4842 906
8057 4603
5906 5689
1180 1498
2275 4304
597 5587
4022 3622
208 1470
1614 4641
2322 6275
5432 5004
298 2000
6016 103
1486 6060
3702 2237
1740 585
1271 2983
8014 6001
4632 4980
764 4002
6481 5377
3214 5104
62 2429
1672 5582
6695 7225
274 1046
7653 6310
3066 5086
7430 73
3230 957
5548 784
3875 3063
6171 6727
2318 107
5852 3462
3028 6405
519 7699
2651 1597
6806 6668
4195 454
215 907
7278 4878
181 1340
5566 5652
5338 3185
2178 5996
1905 6245
8185 6830
6646 1566
3955 1103
7974 5894
2550 3935
1913 7546
3302 4593
494 54
4785 6104
136 5029
5599 5176
5203 6707
922 869
6301 3467
4134 909
1271 3060
51 2029
5584 1177
5376 5036
4785 7549
5919 6081
4596 5463
2309 3967
393 2284
5909 6825
5924 2577
5272 5658
1279 6288
1994 5725
7967 1405
4521 1727
4885 2625
1547 3319
5638 372
3745 6928
2678 961
7634 214
3257 3342
6354 7312
6761 7659
5726 6414
6653 5470
7138 2442
547 2225
752 7508
8114 6478
1261 2991
2503 6552
6445 3759
6902 1679
7989 4622
2522 7311
2512 7707
3215 6066
5775 1256
1547 8029
5932 6568
2747 7091
3716 3640
7193 5451
746 397
207 1525
2322 2662
298 529
6610 978
6853 1413
2561 4604
1018 1107
1999 7995
2051 3422
5381 4898
101 5323
81 3841
5043 6199
8119 7690
5023 4224
1247 2985
3167 6989
1543 1147
2748 320
6781 6167
2759 8101
7144 715
5026 6261
4064 1644
3061 386
1489 6722
3847 5122
4200 5183
6766 3324
6443 6286
1454 2579
2 4073
684 6128
66 2171
7652 2493
595 3906
6291 4780
7396 7246
6549 382
8097 46
7841 3640
7847 2029
2855 1644
2747 651
4916 8143
2332 3085
2174 303
485 5858
1264 1287
143 2216
4428 2012
659 3374
6158 2020
2140 6170
6645 4181
3270 1386
5851 2281
3303 2354
6777 372
1952 1856
3263 4419
2 199
5605 2446
5132 6573
4258 7682
2309 1317
3092 7908
6228 1781
4169 7850
6088 4438
7355 3698
99 5968
5182 1431
4488 4175
4094 5834
7201 4571
6416 388
3837 6175
7247 4513
5843 7454
3431 412
355 888
7525 987
145 6709
4571 1914
3948 1175
2808 3081
4048 2967
368 5828
180 6137
6899 2606
7596 6654
7985 1078
1744 3078
7978 7593
2028 5841
3336 2933
6022 5874
785 63
6439 460
1853 5365
1782 6742
6194 5014
1192 5127
3217 3651
4053 572
3602 4847
3985 4681
8087 5839
5414 405
819 5761
5108 5498
7247 5637
1288 2322
4499 4730
6718 5371
1726 4134
8134 2943
7674 1592
3968 2930
6770 4282
7342 5855
7377 544
1696 6755
4351 7639
205 3238
4073 60
7796 3624
2546 5596
1439 3195
3285 6862
7379 657
3399 7805
4090 6600
3732 5162
2636 5107
1397 4503
8166 2610
507 3864
5748 7779
6547 1896
6684 8154
5599 5498
3102 2298
7262 1850
6089 3904
3034 5434
914 2941
3123 4250
3470 7059
1394 4219
2263 4436
2143 357
4203 1275
1002 6510
391 4642
2905 5923
2818 3386
7352 6096
322 7943
8186 764
5912 1178
6879 959
5519 6878
693 8067
7228 958
6619 3112
4364 1998
7324 1657
3997 7955
96 2635
3725 3643
3343 1091
3152 4853
7548 3866
7416 5246
5069 4171
6340 7331
631 5672
5971 6244
193 5614
3245 6054
7531 2187
9 679
6504 4137
241 6884
1649 2340
4579 3349
5660 1639
558 293
1899 6694
3008 7883
3265 6352
7235 413
4959 5573
1904 5612
6555 710
7045 5838
581 4998
8107 2257
5397 6220
4038 5778
2188 5046
1361 7193
6057 344
1446 704
7545 98
4479 5511
5456 5091
4751 542
6283 5774
3820 818
3695 3622
7035 4130
6617 7711
1701 5830
126 5685
2146 7134
1265 8181
1026 219
4142 7300
5672 1647
5584 7479
7980 1212
4047 5865
5217 8070
3372 6253
7264 7623
4832 7256
6007 3496
7975 2163
6777 8040
3327 2012
3425 256
2548 4560
1975 205
5384 4295
2859 2003
4627 5890
823 4360
4522 4477
3845 6614
822 7576
7419 5793
3394 4439
438 5160
7986 4551
6342 5317
7592 5287
502 4006
2104 6868
1096 7530
2220 1631
4387 2537
5224 2017
7689 2123
3822 1185
7780 5120
6798 6995
1756 5807
4896 7862
7182 5060
6191 5949
7937 5202
6263 765
7559 1508
712 379
1464 2467
6964 12
7794 3595
5955 7187
4281 2602
5475 1318
427 1815
4080 7143
1982 2109
7826 4231
7441 2184
4332 742
1445 6985
1882 3392
3506 1876
3425 1588
2835 1764
1596 4715
5149 1311
7586 2942
4587 3646
1022 5014
5410 5469
3289 5111
4743 7498
3671 2477
711 2650
6574 3407
508 598
1502 5938
3098 5126
4655 3965
26 6636
5996 1055
1428 955
5721 654
7482 7977
3734 7705
4287 1736
7146 6900
6613 2767
5976 3674
5517 4192
3705 4205
8100 791
5404 416
3559 1564
1197 1239
627 3619
532 2594
6046 1889
1523 7891
4343 3884
2233 1819
1711 2235
6075 8142
3070 2852
5769 4631
6512 376
1401 1783
5918 2381
1350 1993
7052 8148
1477 4818
5998 5154
1665 6196
330 5480
5648 7741
5506 2122
1991 5801
2966 3322
3537 2408
5763 3427
7523 7083
3359 494
6849 4525
7815 7346
2066 1077
1876 6377
7114 5110
4013 2090
1501 6894
1702 436
4437 2673
886 7361
2303 1593
3714 5350
6701 3855
966 7216
7384 2228
693 174
2158 3884
4532 3116
6901 1478
7315 5797
4721 2035
4007 5200
4719 1909
3568 6259
3659 5731
1987 6981
5239 6846
6873 5303
593 5891
526 2402
1911 5715
7974 3683
4640 7303
2078 5661
7718 1192
7101 3881
6077 3847
1931 4417
2261 2466
6907 8148
5978 1926
7171 4257
3366 5262
2666 5872
2637 3675
4793 2827
7805 5309
6509 207
2715 2220
4388 4429
6968 3645
2703 5968
2306 4690
7436 3269
5256 3354
6152 8126
7013 2600
7129 6975
4538 814
5768 2816
3296 4010
1422 2515
7037 6125
8058 3409
7294 4920
4931 1730
3551 50
1660 3643
5462 7425
3408 4294
7087 2899
576 5918
167 3949
1402 2848
4384 7596
7085 3475
5009 3195
415 7516
4074 7715
5797 1029
3695 6814
4684 5082
4987 2067
718 2096
4926 7577
5036 5788
6868 3509
7209 6137
6825 979
6429 6947
1571 227
1879 2870
1761 1407
5354 2761
278 3917
3153 2949
5920 2937
7800 4847
5749 3467
6691 468
4720 6322
1398 1799
6225 1473
3468 5936
1460 3846
7908 6894
6994 5004
867 8030
4810 6589
4443 1685
7929 366
4099 4539
793 8001
2299 3541
5768 467
1659 3816
8106 7121
4388 1741
4653 1897
6017 5119
7444 5467
513 5824
5192 5772
920 1081
2638 8022
7539 5547
3490 4209
3061 7191
4590 1970
7589 7754
4319 1602
1736 1661
4217 5243
185 3141
1558 1888
5665 4513
8073 6815
238 7551
6886 2573
8022 2504
5681 3106
4977 2632
3255 1964
8028 708
3353 7133
6391 5904
5801 2944
6628 4245
6740 1565
7445 2152
2610 4757
4263 2695
4987 2991
5353 8060
6961 7936
759 1029
2298 370
703 3481
7630 4457
418 815
7505 5294
7818 338
6927 3260
6927 8014
5923 6128
832 803
2106 3663
1141 1985
6336 6573
1577 1604
933 4302
5475 4737
4179 3548
1066 5320
8129 3488
553 2915
4666 4385
1069 7896
1826 6123
5640 4109
5541 6277
2353 7511
3412 6856
7206 7918
6806 5606
7662 1530
3669 5227
5221 5553
6938 2351
681 6155
6931 4837
1501 6218
266 517
463 1834
878 5437
203 4778
5714 872
6289 6009
2184 1053
3102 4549
1889 8137
5340 5656
1488 8031
3313 7555
1656 2361
7104 6296
1084 6392
5416 8047
2483 8038
6583 4085
7319 7762
5814 7186
820 6236
6468 556
1545 6450
3811 873
218 7170
2458 6014
751 7716
2097 4371
5661 5162
3699 954
4361 3126
5394 5997
2737 79
573 4626
1725 2701
4835 5491
8020 7013
6705 6546
2129 1152
6318 3340
7475 5387
78 7720
8016 263
6168 2949
4636 2424
7462 7120
4567 1960
5489 7834
4911 108
3151 3192
5463 7901
6808 3276
6746 676
6260 2440
4656 700
2889 518
6860 3166
6303 7972
4650 1960
6926 7975
6626 6873
1202 6780
322 5522
7485 2582
5923 775
78 310
7338 7241
2113 920
3728 4280
7235 145
7017 5010
2173 5642
1898 1265
218 5240
3529 1533
2297 1998
2457 3522
6493 4090
6589 743
7549 8129
7270 6745
4289 4178
7536 5839
4372 1663
658 3027
6654 5721
6275 7492
6209 7926
628 8086
7181 5340
2759 6496
5864 56
5687 4989
74 622
5707 241
5871 538
1179 2917
3570 2303
2301 2280
5122 1780
6738 5720
2532 2529
6873 2516
384 1171
1862 2781
5474 4672
3379 4136
5747 6562
5911 201
1504 7
2029 4755
3328 2479
5721 423
5780 3140
2004 1667
2393 7899
8023 5602
5800 3483
2574 2630
3074 2073
3966 4102
4996 3726
6685 7788
5648 6930
380 4309
7736 6128
542 3408
269 6184
2274 3116
6685 1280
837 2625
1655 2318
5713 1250
162 3374
119 3042
2438 5004
1389 5095
3998 3234
1263 4719
7755 7139
4652 7390
6913 4578
5665 3254
3692 1160
4834 3086
3641 787
7872 7599
7941 3723
5056 404
6792 2546
312 11
3180 613
1738 2542
3930 7569
2156 7266
2722 974
5243 1348
3991 7081
1184 229
685 4103
782 6089
6948 902
6389 7841
6883 1486
2825 3474
2584 4320
6854 1985
2198 5451
4906 5485
1484 4986
2747 5469
4550 4401
5109 6362
5785 2143
5496 7143
1943 2798
7845 6590
6879 2575
7455 7882
2051 3520
4368 5695
6383 1197
3221 2051
4874 2870
3602 6783
2489 5748
1195 907
3872 7808
2504 7241
466 5038
2014 3464
5485 4543
5788 7465
462 3656
4393 3546
7199 2671
84 5772
949 5199
4535 6429
5856 1450
2391 11
2613 2649
7957 3604
5871 317
4704 4180
6296 5691
7573 2634
5380 7585
535 3536
6919 949
2461 3749
6999 7507
794 2758
2436 5308
8027 586
6351 7529
1533 7668
3720 6613
3103 3899
4698 2489
6800 4797
2010 5206
3516 6113
3659 7017
6378 5387
4285 5536
1081 6475
4762 1374
6412 7745
7255 5006
7444 397
4258 6664
4617 2817
4367 2401
2940 2068
2612 3190
5390 1423
256 3200
1992 2785
3037 3661
7000 302
4015 3524
8142 4951
1628 2807
2185 18
4662 3790
2088 3723
1670 5896
7791 2113
5857 263
7158 455
3312 3048
4182 7744
7808 2965
2138 5886
5047 735
2794 5446
5735 2304
6689 6521
3518 5227
4345 120
3744 3014
1208 3951
8127 5080
7316 2628
327 1559
54 974
7125 801
915 2103
5103 3782
4076 2918
750 2039
7507 400
1391 7433
6622 2559
2399 7168
7631 1169
6201 51
247 4838
7824 7871
220 2092
3213 2119
476 3663
1460 5281
4485 7337
6507 4907
7290 5906
6064 656
1774 1398
1934 2838
6738 6776
1999 5072
6874 166
3939 4663
5649 1796
1786 80
3150 3952
1490 3562
2734 2296
4330 7374
6300 1687
7771 6970
99 7719
4122 190
2663 5754
4362 2318
7437 3590
2326 3005
1082 5813
6270 1634
6838 3171
2806 2587
6136 5956
2022 4667
2186 1912
6785 267
3192 3375
468 2690
6117 1624
6824 1088
1159 3112
4224 7552
5143 6996
4643 292
1520 1145
3308 7855
8169 117
3944 4976
6402 3775
5263 5699
5624 4858
5902 2357
236 7194
3350 5200
5873 7473
7834 3815
1903 6867
5339 2006
32 2487
5982 5508
7776 6135
3034 2210
5915 6664
181 2475
1323 3740
5346 348
2585 2157
4990 413
5442 7893
6916 292
7669 2762
8165 2825
2778 7471
2986 1789
4034 807
3540 3318
5335 1354
2494 7106
4842 906
8057 4603
5906 5689
1180 1498
2275 4304
597 5587
4022 3622
208 1470
1614 4641
2322 6275
5432 5004
298 2000
6016 103
1486 6060
3702 2237
1740 585
1271 2983
8014 6001
4632 4980
764 4002
6481 5377
3214 5104
62 2429
1672 5582
6695 7225
274 1046
7653 6310
3066 5086
7430 73
3230 957
5548 784
3875 3063
6171 6727
2318 107
5852 3462
3028 6405
519 7699
2651 1597
6806 6668
4195 454
215 907
7278 4878
181 1340
5566 5652
5338 3185
2178 5996
1905 6245
8185 6830
6646 1566
3955 1103
7974 5894
2550 3935
1913 7546
3302 4593
494 54
4785 6104
136 5029
5599 5176
5203 6707
922 869
6301 3467
4134 909
1271 3060
51 2029
5584 1177
5376 5036
4785 7549
5919 6081
4596 5463
2309 3967
393 2284
5909 6825
5924 2577
5272 5658
1279 6288
1994 5725
7967 1405
4521 1727
4885 2625
1547 3319
5638 372
3745 6928
2678 961
7634 214
3257 3342
6354 7312
6761 7659
5726 6414
6653 5470
7138 2442
547 2225
752 7508
8114 6478
1261 2991
2503 6552
6445 3759
6902 1679
7989 4622
2522 7311
2512 7707
3215 6066
5775 1256
1547 8029
5932 6568
2747 7091
3716 3640
7193 5451
746 397
207 1525
2322 2662
298 529
6610 978
6853 1413
2561 4604
1018 1107
1999 7995
2051 3422
5381 4898
101 5323
81 3841
5043 6199
8119 7690
5023 4224
1247 2985
3167 6989
1543 1147
2748 320
6781 6167
2759 8101
7144 715
5026 6261
4064 1644
3061 386
1489 6722
3847 5122
4200 5183
6766 3324
6443 6286
1454 2579
2 4073
684 6128
66 2171
7652 2493
595 3906
6291 4780
7396 7246
6549 382
8097 46
7841 3640
7847 2029
2855 1644
2747 651
4916 8143
2332 3085
2174 303
485 5858
1264 1287
143 2216
4428 2012
659 3374
6158 2020
2140 6170
6645 4181
3270 1386
5851 2281
3303 2354
6777 372
1952 1856
3263 4419
2 199
5605 2446
5132 6573
4258 7682
2309 1317
3092 7908
6228 1781
4169 7850
6088 4438
7355 3698
99 5968
5182 1431
4488 4175
4094 5834
7201 4571
6416 388
3837 6175
7247 4513
5843 7454
3431 412
355 888
7525 987
145 6709
4571 1914
3948 1175
2808 3081
4048 2967
368 5828
180 6137
6899 2606
7596 6654
7985 1078
1744 3078
7978 7593
2028 5841
3336 2933
6022 5874
785 63
6439 460
1853 5365
1782 6742
6194 5014
1192 5127
3217 3651
4053 572
3602 4847
3985 4681
8087 5839
5414 405
819 5761
5108 5498
7247 5637
1288 2322
4499 4730
6718 5371
1726 4134
8134 2943
7674 1592
3968 2930
6770 4282
7342 5855
7377 544
1696 6755
4351 7639
205 3238
4073 60
7796 3624
2546 5596
1439 3195
3285 6862
7379 657
3399 7805
4090 6600
3732 5162
2636 5107
1397 4503
8166 2610
507 3864
5748 7779
6547 1896
6684 8154
5599 5498
3102 2298
7262 1850
6089 3904
3034 5434
914 2941
3123 4250
3470 7059
1394 4219
2263 4436
2143 357
4203 1275
1002 6510
391 4642
2905 5923
2818 3386
7352 6096
322 7943
8186 764
5912 1178
6879 959
5519 6878
693 8067
7228 958
6619 3112
4364 1998
7324 1657
3997 7955
96 2635
3725 3643
3343 1091
3152 4853
7548 3866
7416 5246
5069 4171
6340 7331
631 5672
5971 6244
193 5614
3245 6054
7531 2187
9 679
6504 4137
241 6884
1649 2340
4579 3349
5660 1639
558 293
1899 6694
3008 7883
3265 6352
7235 413
4959 5573
1904 5612
6555 710
7045 5838
581 4998
8107 2257
5397 6220
4038 5778
2188 5046
1361 7193
6057 344
1446 704
7545 98
4479 5511
5456 5091
4751 542
6283 5774
3820 818
3695 3622
7035 4130
6617 7711
1701 5830
126 5685
2146 7134
1265 8181
1026 219
4142 7300
5672 1647
5584 7479
7980 1212
4047 5865
5217 8070
3372 6253
7264 7623
4832 7256
6007 3496
7975 2163
6777 8040
3327 2012
3425 256
2548 4560
1975 205
5384 4295
2859 2003
4627 5890
823 4360
4522 4477
3845 6614
822 7576
7419 5793
3394 4439
438 5160
7986 4551
6342 5317
7592 5287
502 4006
2104 6868
1096 7530
2220 1631
4387 2537
5224 2017
7689 2123
3822 1185
7780 5120
6798 6995
1756 5807
4896 7862
7182 5060
6191 5949
7937 5202
6263 765
7559 1508
712 379
1464 2467
6964 12
7794 3595
5955 7187
4281 2602
5475 1318
427 1815
4080 7143
1982 2109
7826 4231
7441 2184
4332 742
1445 6985
1882 3392
3506 1876
3425 1588
2835 1764
1596 4715
5149 1311
7586 2942
4587 3646
1022 5014
5410 5469
3289 5111
4743 7498
3671 2477
711 2650
6574 3407
508 598
1502 5938
3098 5126
4655 3965
26 6636
5996 1055
1428 955
5721 654
7482 7977
3734 7705
4287 1736
7146 6900
6613 2767
5976 3674
5517 4192
3705 4205
8100 791
5404 416
3559 1564
1197 1239
627 3619
532 2594
6046 1889
1523 7891
4343 3884
2233 1819
1711 2235
6075 8142
3070 2852
5769 4631
6512 376
1401 1783
5918 2381
1350 1993
7052 8148
1477 4818
5998 5154
1665 6196
330 5480
5648 7741
5506 2122
1991 5801
2966 3322
3537 2408
5763 3427
7523 7083
3359 494
6849 4525
7815 7346
2066 1077
1876 6377
7114 5110
4013 2090
1501 6894
1702 436
4437 2673
886 7361
2303 1593
3714 5350
6701 3855
966 7216
7384 2228
693 174
2158 3884
4532 3116
6901 1478
7315 5797
4721 2035
4007 5200
4719 1909
3568 6259
3659 5731
1987 6981
5239 6846
6873 5303
593 5891
526 2402
1911 5715
7974 3683
4640 7303
2078 5661
7718 1192
7101 3881
6077 3847
1931 4417
2261 2466
6907 8148
5978 1926
7171 4257
3366 5262
2666 5872
2637 3675
4793 2827
7805 5309
6509 207
2715 2220
4388 4429
6968 3645
2703 5968
2306 4690
7436 3269
5256 3354
6152 8126
7013 2600
7129 6975
4538 814
5768 2816
3296 4010
1422 2515
7037 6125
8058 3409
7294 4920
4931 1730
3551 50
1660 3643
5462 7425
3408 4294
7087 2899
576 5918
167 3949
1402 2848
4384 7596
7085 3475
5009 3195
415 7516
4074 7715
5797 1029
3695 6814
4684 5082
4987 2067
718 2096
4926 7577
5036 5788
6868 3509
7209 6137
6825 979
6429 6947
1571 227
1879 2870
1761 1407
5354 2761
278 3917
3153 2949
5920 2937
7800 4847
5749 3467
6691 468
4720 6322
1398 1799
6225 1473
3468 5936
1460 3846
7908 6894
6994 5004
867 8030
4810 6589
4443 1685
7929 366
4099 4539
793 8001
2299 3541
5768 467
1659 3816
8106 7121
4388 1741
4653 1897
6017 5119
7444 5467
513 5824
5192 5772
920 1081
2638 8022
7539 5547
3490 4209
3061 7191
4590 1970
7589 7754
4319 1602
1736 1661
4217 5243
185 3141
1558 1888
5665 4513
8073 6815
238 7551
6886 2573
8022 2504
5681 3106
4977 2632
3255 1964
8028 708
3353 7133
6391 5904
5801 2944
6628 4245
6740 1565
7445 2152
2610 4757
4263 2695
4987 2991
5353 8060
6961 7936
759 1029
2298 370
703 3481
7630 4457
418 815
7505 5294
7818 338
6927 3260
6927 8014
5923 6128
832 803
2106 3663
1141 1985
6336 6573
1577 1604
933 4302
5475 4737
4179 3548
1066 5320
8129 3488
553 2915
4666 4385
1069 7896
1826 6123
5640 4109
5541 6277
2353 7511
3412 6856
7206 7918
6806 5606
7662 1530
3669 5227
5221 5553
6938 2351
681 6155
6931 4837
1501 6218
266 517
463 1834
878 5437
203 4778
5714 872
6289 6009
2184 1053
3102 4549
1889 8137
5340 5656
1488 8031
3313 7555
1656 2361
7104 6296
1084 6392
5416 8047
2483 8038
6583 4085
7319 7762
5814 7186
820 6236
6468 556
1545 6450
3811 873
218 7170
2458 6014
751 7716
2097 4371
5661 5162
3699 954
4361 3126
5394 5997
2737 79
573 4626
1725 2701
4835 5491
8020 7013
6705 6546
2129 1152
6318 3340
7475 5387
78 7720
8016 263
6168 2949
4636 2424
7462 7120
4567 1960
5489 7834
4911 108
3151 3192
5463 7901
6808 3276
6746 676
6260 2440
4656 700
2889 518
6860 3166
6303 7972
4650 1960
6926 7975
6626 6873
1202 6780
322 5522
7485 2582
5923 775
78 310
7338 7241
2113 920
3728 4280
7235 145
7017 5010
2173 5642
1898 1265
218 5240
3529 1533
2297 1998
2457 3522
6493 4090
6589 743
7549 8129
7270 6745
4289 4178
7536 5839
4372 1663
658 3027
6654 5721
6275 7492
6209 7926
628 8086
7181 5340
2759 6496
5864 56
5687 4989
74 622
5707 241
5871 538
1179 2917
3570 2303
2301 2280
5122 1780
6738 5720
2532 2529
6873 2516
384 1171
1862 2781
5474 4672
3379 4136
5747 6562
5911 201
1504 7
2029 4755
3328 2479
5721 423
5780 3140
2004 1667
2393 7899
8023 5602
5800 3483
2574 2630
3074 2073
3966 4102
4996 3726
6685 7788
5648 6930
380 4309
7736 6128
542 3408
269 6184
2274 3116
6685 1280
837 2625
1655 2318
5713 1250
162 3374
119 3042
2438 5004
1389 5095
3998 3234
1263 4719
7755 7139
4652 7390
6913 4578
5665 3254
3692 1160
4834 3086
3641 787
7872 7599
7941 3723
5056 404
6792 2546
312 11
3180 613
1738 2542
3930 7569
2156 7266
2722 974
5243 1348
3991 7081
1184 229
685 4103
782 6089
6948 902
6389 7841
6883 1486
2825 3474
2584 4320
6854 1985
2198 5451
4906 5485
1484 4986
2747 5469
4550 4401
5109 6362
5785 2143
5496 7143
1943 2798
7845 6590
6879 2575
7455 7882
2051 3520
4368 5695
6383 1197
3221 2051
4874 2870
3602 6783
2489 5748
1195 907
3872 7808
2504 7241
466 5038
2014 3464
5485 4543
5788 7465
462 3656
4393 3546
7199 2671
84 5772
949 5199
4535 6429
5856 1450
2391 11
2613 2649
7957 3604
5871 317
4704 4180
6296 5691
7573 2634
5380 7585
535 3536
6919 949
2461 3749
6999 7507
794 2758
2436 5308
8027 586
6351 7529
1533 7668
3720 6613
3103 3899
4698 2489
6800 4797
2010 5206
3516 6113
3659 7017
6378 5387
4285 5536
1081 6475
4762 1374
6412 7745
7255 5006
7444 397
4258 6664
4617 2817
4367 2401
2940 2068
2612 3190
5390 1423
256 3200
1992 2785
3037 3661
7000 302
4015 3524
8142 4951
1628 2807
2185 18
4662 3790
2088 3723
1670 5896
7791 2113
5857 263
7158 455
3312 3048
4182 7744
7808 2965
2138 5886
5047 735
2794 5446
5735 2304
6689 6521
3518 5227
4345 120
3744 3014
1208 3951
8127 5080
7316 2628
327 1559
54 974
7125 801
915 2103
5103 3782
4076 2918
750 2039
7507 400
1391 7433
6622 2559
2399 7168
7631 1169
6201 51
247 4838
7824 7871
220 2092
3213 2119
476 3663
1460 5281
4485 7337
6507 4907
7290 5906
6064 656
1774 1398
1934 2838
6738 6776
1999 5072
6874 166
3939 4663
5649 1796
1786 80
3150 3952
1490 3562
2734 2296
4330 7374
6300 1687
7771 6970
99 7719
4122 190
2663 5754
4362 2318
7437 3590
2326 3005
1082 5813
6270 1634
6838 3171
2806 2587
6136 5956
2022 4667
2186 1912
6785 267
3192 3375
468 2690
6117 1624
6824 1088
1159 3112
4224 7552
5143 6996
4643 292
1520 1145
3308 7855
8169 117
3944 4976
6402 3775
5263 5699
5624 4858
5902 2357
236 7194
3350 5200
5873 7473
7834 3815
1903 6867
5339 2006
32 2487
5982 5508
7776 6135
3034 2210
5915 6664
181 2475
1323 3740
5346 348
2585 2157
4990 413
5442 7893
6916 292
7669 2762
8165 2825
2778 7471
2986 1789
4034 807
3540 3318
5335 1354
2494 7106
4842 906
8057 4603
5906 5689
1180 1498
2275 4304
597 5587
4022 3622
208 1470
1614 4641
2322 6275
5432 5004
298 2000
6016 103
1486 6060
3702 2237
1740 585
1271 2983
8014 6001
4632 4980
764 4002
6481 5377
3214 5104
62 2429
1672 5582
6695 7225
274 1046
7653 6310
3066 5086
7430 73
3230 957
5548 784
3875 3063
6171 6727
2318 107
5852 3462
3028 6405
519 7699
2651 1597
6806 6668
4195 454
215 907
7278 4878
181 1340
5566 5652
5338 3185
2178 5996
1905 6245
8185 6830
6646 1566
3955 1103
7974 5894
2550 3935
1913 7546
3302 4593
494 54
4785 6104
136 5029
5599 5176
5203 6707
922 869
6301 3467
4134 909
1271 3060
51 2029
5584 1177
5376 5036
4785 7549
5919 6081
4596 5463
2309 3967
393 2284
5909 6825
5924 2577
5272 5658
1279 6288
1994 5725
7967 1405
4521 1727
4885 2625
1547 3319
5638 372
3745 6928
2678 961
7634 214
3257 3342
6354 7312
6761 7659
5726 6414
6653 5470
7138 2442
547 2225
752 7508
8114 6478
1261 2991
2503 6552
6445 3759
6902 1679
7989 4622
2522 7311
2512 7707
3215 6066
5775 1256
1547 8029
5932 6568
2747 7091
3716 3640
7193 5451
746 397
207 1525
2322 2662
298 529
6610 978
6853 1413
2561 4604
1018 1107
1999 7995
2051 3422
5381 4898
101 5323
81 3841
5043 6199
8119 7690
5023 4224
1247 2985
3167 6989
1543 1147
2748 320
6781 6167
2759 8101
7144 715
5026 6261
4064 1644
3061 386
1489 6722
3847 5122
4200 5183
6766 3324
6443 6286
1454 2579
2 4073
684 6128
66 2171
7652 2493
595 3906
6291 4780
7396 7246
6549 382
8097 46
7841 3640
7847 2029
2855 1644
2747 651
4916 8143
2332 3085
2174 303
485 5858
1264 1287
143 2216
4428 2012
659 3374
6158 2020
2140 6170
6645 4181
3270 1386
5851 2281
3303 2354
6777 372
1952 1856
3263 4419
2 199
5605 2446
5132 6573
4258 7682
2309 1317
3092 7908
6228 1781
4169 7850
6088 4438
7355 3698
99 5968
5182 1431
4488 4175
4094 5834
7201 4571
6416 388
3837 6175
7247 4513
5843 7454
3431 412
355 888
7525 987
145 6709
4571 1914
3948 1175
2808 3081
4048 2967
368 5828
180 6137
6899 2606
7596 6654
7985 1078
1744 3078
7978 7593
2028 5841
3336 2933
6022 5874
785 63
6439 460
1853 5365
1782 6742
6194 5014
1192 5127
3217 3651
4053 572
3602 4847
3985 4681
8087 5839
5414 405
819 5761
5108 5498
7247 5637
1288 2322
4499 4730
6718 5371
1726 4134
8134 2943
7674 1592
3968 2930
6770 4282
7342 5855
7377 544
1696 6755
4351 7639
205 3238
4073 60
7796 3624
2546 5596
1439 3195
3285 6862
7379 657
3399 7805
4090 6600
3732 5162
2636 5107
1397 4503
8166 2610
507 3864
5748 7779
6547 1896
6684 8154
5599 5498
3102 2298
7262 1850
6089 3904
3034 5434
914 2941
3123 4250
3470 7059
1394 4219
2263 4436
2143 357
4203 1275
1002 6510
391 4642
2905 5923
2818 3386
7352 6096
322 7943
8186 764
5912 1178
6879 959
5519 6878
693 8067
7228 958
6619 3112
4364 1998
7324 1657
3997 7955
96 2635
3725 3643
3343 1091
3152 4853
7548 3866
7416 5246
5069 4171
6340 7331
631 5672
5971 6244
193 5614
3245 6054
7531 2187
9 679
6504 4137
241 6884
1649 2340
4579 3349
5660 1639
558 293
1899 6694
3008 7883
3265 6352
7235 413
4959 5573
1904 5612
6555 710
7045 5838
581 4998
8107 2257
5397 6220
4038 5778
2188 5046
1361 7193
6057 344
1446 704
7545 98
4479 5511
5456 5091
4751 542
6283 5774
3820 818
3695 3622
7035 4130
6617 7711
1701 5830
126 5685
2146 7134
1265 8181
1026 219
4142 7300
5672 1647
5584 7479
7980 1212
4047 5865
5217 8070
3372 6253
7264 7623
4832 7256
6007 3496
7975 2163
6777 8040
3327 2012
3425 256
2548 4560
1975 205
5384 4295
2859 2003
4627 5890
823 4360
4522 4477
3845 6614
822 7576
7419 5793
3394 4439
438 5160
7986 4551
6342 5317
7592 5287
502 4006
2104 6868
1096 7530
2220 1631
4387 2537
5224 2017
7689 2123
3822 1185
7780 5120
6798 6995
1756 5807
4896 7862
7182 5060
6191 5949
7937 5202
6263 765
7559 1508
712 379
1464 2467
6964 12
7794 3595
5955 7187
4281 2602
5475 1318
427 1815
4080 7143
1982 2109
7826 4231
7441 2184
4332 742
1445 6985
1882 3392
3506 1876
3425 1588
2835 1764
1596 4715
5149 1311
7586 2942
4587 3646
1022 5014
5410 5469
3289 5111
4743 7498
3671 2477
711 2650
6574 3407
508 598
1502 5938
3098 5126
4655 3965
26 6636
5996 1055
1428 955
5721 654
7482 7977
3734 7705
4287 1736
7146 6900
6613 2767
5976 3674
5517 4192
3705 4205
8100 791
5404 416
3559 1564
1197 1239
627 3619
532 2594
6046 1889
1523 7891
4343 3884
2233 1819
1711 2235
6075 8142
3070 2852
5769 4631
6512 376
1401 1783
5918 2381
1350 1993
7052 8148
1477 4818
5998 5154
1665 6196
330 5480
5648 7741
5506 2122
1991 5801
2966 3322
3537 2408
5763 3427
7523 7083
3359 494
6849 4525
7815 7346
2066 1077
1876 6377
7114 5110
4013 2090
1501 6894
1702 436
4437 2673
886 7361
2303 1593
3714 5350
6701 3855
966 7216
7384 2228
693 174
2158 3884
4532 3116
6901 1478
7315 5797
4721 2035
4007 5200
4719 1909
3568 6259
3659 5731
1987 6981
5239 6846
6873 5303
593 5891
526 2402
1911 5715
7974 3683
4640 7303
2078 5661
7718 1192
7101 3881
6077 3847
1931 4417
2261 2466
6907 8148
5978 1926
7171 4257
3366 5262
2666 5872
2637 3675
4793 2827
7805 5309
6509 207
2715 2220
4388 4429
6968 3645
2703 5968
2306 4690
7436 3269
5256 3354
6152 8126
7013 2600
7129 6975
4538 814
5768 2816
3296 4010
1422 2515
7037 6125
8058 3409
7294 4920
4931 1730
3551 50
1660 3643
5462 7425
3408 4294
7087 2899
576 5918
167 3949
1402 2848
4384 7596
7085 3475
5009 3195
415 7516
4074 7715
5797 1029
3695 6814
4684 5082
4987 2067
718 2096
4926 7577
5036 5788
6868 3509
7209 6137
6825 979
6429 6947
1571 227
1879 2870
1761 1407
5354 2761
278 3917
3153 2949
5920 2937
7800 4847
5749 3467
6691 468
4720 6322
1398 1799
6225 1473
3468 5936
1460 3846
7908 6894
6994 5004
867 8030
4810 6589
4443 1685
7929 366
4099 4539
793 8001
2299 3541
5768 467
1659 3816
8106 7121
4388 1741
4653 1897
6017 5119
7444 5467
513 5824
5192 5772
920 1081
2638 8022
7539 5547
3490 4209
3061 7191
4590 1970
7589 7754
4319 1602
1736 1661
4217 5243
185 3141
1558 1888
5665 4513
8073 6815
238 7551
6886 2573
8022 2504
5681 3106
4977 2632
3255 1964
8028 708
3353 7133
6391 5904
5801 2944
6628 4245
6740 1565
7445 2152
2610 4757
4263 2695
4987 2991
5353 8060
6961 7936
759 1029
2298 370
703 3481
7630 4457
418 815
7505 5294
7818 338
6927 3260
6927 8014
5923 6128
832 803
2106 3663
1141 1985
6336 6573
1577 1604
933 4302
5475 4737
4179 3548
1066 5320
8129 3488
553 2915
4666 4385
1069 7896
1826 6123
5640 4109
5541 6277
2353 7511
3412 6856
7206 7918
6806 5606
7662 1530
3669 5227
5221 5553
6938 2351
681 6155
6931 4837
1501 6218
266 517
463 1834
878 5437
203 4778
5714 872
6289 6009
2184 1053
3102 4549
1889 8137
5340 5656
1488 8031
3313 7555
1656 2361
7104 6296
1084 6392
5416 8047
2483 8038
6583 4085
7319 7762
5814 7186
820 6236
6468 556
1545 6450
3811 873
218 7170
2458 6014
751 7716
2097 4371
5661 5162
3699 954
4361 3126
5394 5997
2737 79
573 4626
1725 2701
4835 5491
8020 7013
6705 6546
2129 1152
6318 3340
7475 5387
78 7720
8016 263
6168 2949
4636 2424
7462 7120
4567 1960
5489 7834
4911 108
3151 3192
5463 7901
6808 3276
6746 676
6260 2440
4656 700
2889 518
6860 3166
6303 7972
4650 1960
6926 7975
6626 6873
1202 6780
322 5522
7485 2582
5923 775
78 310
7338 7241
2113 920
3728 4280
7235 145
7017 5010
2173 5642
1898 1265
218 5240
3529 1533
2297 1998
2457 3522
6493 4090
6589 743
7549 8129
7270 6745
4289 4178
7536 5839
4372 1663
658 3027
6654 5721
6275 7492
6209 7926
628 8086
7181 5340
2759 6496
5864 56
5687 4989
74 622
5707 241
5871 538
1179 2917
3570 2303
2301 2280
5122 1780
6738 5720
2532 2529
6873 2516
384 1171
1862 2781
5474 4672
3379 4136
5747 6562
5911 201
1504 7
2029 4755
3328 2479
5721 423
5780 3140
2004 1667
2393 7899
8023 5602
5800 3483
2574 2630
3074 2073
3966 4102
4996 3726
6685 7788
5648 6930
380 4309
7736 6128
542 3408
269 6184
2274 3116
6685 1280
837 2625
1655 2318
5713 1250
162 3374
119 3042
2438 5004
1389 5095
3998 3234
1263 4719
7755 7139
4652 7390
6913 4578
5665 3254
3692 1160
4834 3086
3641 787
7872 7599
7941 3723
5056 404
6792 2546
312 11
3180 613
1738 2542
3930 7569
2156 7266
2722 974
5243 1348
3991 7081
1184 229
685 4103
782 6089
6948 902
6389 7841
6883 1486
2825 3474
2584 4320
6854 1985
2198 5451
4906 5485
1484 4986
2747 5469
4550 4401
5109 6362
5785 2143
5496 7143
1943 2798
7845 6590
6879 2575
7455 7882
2051 3520
4368 5695
6383 1197
3221 2051
4874 2870
3602 6783
2489 5748
1195 907
3872 7808
2504 7241
466 5038
2014 3464
5485 4543
5788 7465
462 3656
4393 3546
7199 2671
84 5772
949 5199
4535 6429
5856 1450
2391 11
2613 2649
7957 3604
5871 317
4704 4180
6296 5691
7573 2634
5380 7585
535 3536
6919 949
2461 3749
6999 7507
794 2758
2436 5308
8027 586
6351 7529
1533 7668
3720 6613
3103 3899
4698 2489
6800 4797
2010 5206
3516 6113
3659 7017
6378 5387
4285 5536
1081 6475
4762 1374
6412 7745
7255 5006
7444 397
4258 6664
4617 2817
4367 2401
2940 2068
2612 3190
5390 1423
256 3200
1992 2785
3037 3661
7000 302
4015 3524
8142 4951
1628 2807
2185 18
4662 3790
2088 3723
1670 5896
7791 2113
5857 263
7158 455
3312 3048
4182 7744
7808 2965
2138 5886
5047 735
2794 5446
5735 2304
6689 6521
3518 5227
4345 120
3744 3014
1208 3951
8127 5080
7316 2628
327 1559
54 974
7125 801
915 2103
5103 3782
4076 2918
750 2039
7507 400
1391 7433
6622 2559
2399 7168
7631 1169
6201 51
247 4838
7824 7871
220 2092
3213 2119
476 3663
1460 5281
4485 7337
6507 4907
7290 5906
6064 656
1774 1398
1934 2838
6738 6776
1999 5072
6874 166
3939 4663
5649 1796
1786 80
3150 3952
1490 3562
2734 2296
4330 7374
6300 1687
7771 6970
99 7719
4122 190
2663 5754
4362 2318
7437 3590
2326 3005
1082 5813
6270 1634
6838 3171
2806 2587
6136 5956
2022 4667
2186 1912
6785 267
3192 3375
468 2690
6117 1624
6824 1088
1159 3112
4224 7552
5143 6996
4643 292
1520 1145
3308 7855
8169 117
3944 4976
6402 3775
5263 5699
5624 4858
5902 2357
236 7194
3350 5200
5873 7473
7834 3815
1903 6867
5339 2006
32 2487
5982 5508
7776 6135
3034 2210
5915 6664
181 2475
1323 3740
5346 348
2585 2157
4990 413
5442 7893
6916 292
7669 2762
8165 2825
2778 7471
2986 1789
4034 807
3540 3318
5335 1354
2494 7106
4842 906
8057 4603
5906 5689
1180 1498
2275 4304
597 5587
4022 3622
208 1470
1614 4641
2322 6275
5432 5004
298 2000
6016 103
1486 6060
3702 2237
1740 585
1271 2983
8014 6001
4632 4980
764 4002
6481 5377
3214 5104
62 2429
1672 5582
6695 7225
274 1046
7653 6310
3066 5086
7430 73
3230 957
5548 784
3875 3063
6171 6727
2318 107
5852 3462
3028 6405
519 7699
2651 1597
6806 6668
4195 454
215 907
7278 4878
181 1340
5566 5652
5338 3185
2178 5996
1905 6245
8185 6830
6646 1566
3955 1103
7974 5894
2550 3935
1913 7546
3302 4593
494 54
4785 6104
136 5029
5599 5176
5203 6707
922 869
6301 3467
4134 909
1271 3060
51 2029
5584 1177
5376 5036
4785 7549
5919 6081
4596 5463
2309 3967
393 2284
5909 6825
5924 2577
5272 5658
1279 6288
1994 5725
7967 1405
4521 1727
4885 2625
1547 3319
5638 372
3745 6928
2678 961
7634 214
3257 3342
6354 7312
6761 7659
5726 6414
6653 5470
7138 2442
547 2225
752 7508
8114 6478
1261 2991
2503 6552
6445 3759
6902 1679
7989 4622
2522 7311
2512 7707
3215 6066
5775 1256
1547 8029
5932 6568
2747 7091
3716 3640
7193 5451
746 397
207 1525
2322 2662
298 529
6610 978
6853 1413
2561 4604
1018 1107
1999 7995
2051 3422
5381 4898
101 5323
81 3841
5043 6199
8119 7690
5023 4224
1247 2985
3167 6989
1543 1147
2748 320
6781 6167
2759 8101
7144 715
5026 6261
4064 1644
3061 386
1489 6722
3847 5122
4200 5183
6766 3324
6443 6286
1454 2579
2 4073
684 6128
66 2171
7652 2493
595 3906
6291 4780
7396 7246
6549 382
8097 46
7841 3640
7847 2029
2855 1644
2747 651
4916 8143
2332 3085
2174 303
485 5858
1264 1287
143 2216
4428 2012
659 3374
6158 2020
2140 6170
6645 4181
3270 1386
5851 2281
3303 2354
6777 372
1952 1856
3263 4419
2 199
5605 2446
5132 6573
4258 7682
2309 1317
3092 7908
6228 1781
4169 7850
6088 4438
7355 3698
99 5968
5182 1431
4488 4175
4094 5834
7201 4571
6416 388
3837 6175
7247 4513
5843 7454
3431 412
355 888
7525 987
145 6709
4571 1914
3948 1175
2808 3081
4048 2967
368 5828
180 6137
6899 2606
7596 6654
7985 1078
1744 3078
7978 7593
2028 5841
3336 2933
6022 5874
785 63
6439 460
1853 5365
1782 6742
6194 5014
1192 5127
3217 3651
4053 572
3602 4847
3985 4681
8087 5839
5414 405
819 5761
5108 5498
7247 5637
1288 2322
4499 4730
6718 5371
1726 4134
8134 2943
7674 1592
3968 2930
6770 4282
7342 5855
7377 544
1696 6755
4351 7639
205 3238
4073 60
7796 3624
2546 5596
1439 3195
3285 6862
7379 657
3399 7805
4090 6600
3732 5162
2636 5107
1397 4503
8166 2610
507 3864
5748 7779
6547 1896
6684 8154
5599 5498
3102 2298
7262 1850
6089 3904
3034 5434
914 2941
3123 4250
3470 7059
1394 4219
2263 4436
2143 357
4203 1275
1002 6510
391 4642
2905 5923
2818 3386
7352 6096
322 7943
8186 764
5912 1178
6879 959
5519 6878
693 8067
7228 958
6619 3112
4364 1998
7324 1657
3997 7955
96 2635
3725 3643
3343 1091
3152 4853
7548 3866
7416 5246
5069 4171
6340 7331
631 5672
5971 6244
193 5614
3245 6054
7531 2187
9 679
6504 4137
241 6884
1649 2340
4579 3349
5660 1639
558 293
1899 6694
3008 7883
3265 6352
7235 413
4959 5573
1904 5612
6555 710
7045 5838
581 4998
8107 2257
5397 6220
4038 5778
2188 5046
1361 7193
6057 344
1446 704
7545 98
4479 5511
5456 5091
4751 542
6283 5774
3820 818
3695 3622
7035 4130
6617 7711
1701 5830
126 5685
2146 7134
1265 8181
1026 219
4142 7300
5672 1647
5584 7479
7980 1212
4047 5865
5217 8070
3372 6253
7264 7623
4832 7256
6007 3496
7975 2163
6777 8040
3327 2012
3425 256
2548 4560
1975 205
5384 4295
2859 2003
4627 5890
823 4360
4522 4477
3845 6614
822 7576
7419 5793
3394 4439
438 5160
7986 4551
6342 5317
7592 5287
502 4006
2104 6868
1096 7530
2220 1631
4387 2537
5224 2017
7689 2123
3822 1185
7780 5120
6798 6995
1756 5807
4896 7862
7182 5060
6191 5949
7937 5202
6263 765
7559 1508
712 379
1464 2467
6964 12
7794 3595
5955 7187
4281 2602
5475 1318
427 1815
4080 7143
1982 2109
7826 4231
7441 2184
4332 742
1445 6985
1882 3392
3506 1876
3425 1588
2835 1764
1596 4715
5149 1311
7586 2942
4587 3646
1022 5014
5410 5469
3289 5111
4743 7498
3671 2477
711 2650
6574 3407
508 598
1502 5938
3098 5126
4655 3965
26 6636
5996 1055
1428 955
5721 654
7482 7977
3734 7705
4287 1736
7146 6900
6613 2767
5976 3674
5517 4192
3705 4205
8100 791
5404 416
3559 1564
1197 1239
627 3619
532 2594
6046 1889
1523 7891
4343 3884
2233 1819
1711 2235
6075 8142
3070 2852
5769 4631
6512 376
1401 1783
5918 2381
1350 1993
7052 8148
1477 4818
5998 5154
1665 6196
330 5480
5648 7741
5506 2122
1991 5801
2966 3322
3537 2408
5763 3427
7523 7083
3359 494
6849 4525
7815 7346
2066 1077
1876 6377
7114 5110
4013 2090
1501 6894
1702 436
4437 2673
886 7361
2303 1593
3714 5350
6701 3855
966 7216
7384 2228
693 174
2158 3884
4532 3116
6901 1478
7315 5797
4721 2035
4007 5200
4719 1909
3568 6259
3659 5731
1987 6981
5239 6846
6873 5303
593 5891
526 2402
1911 5715
7974 3683
4640 7303
2078 5661
7718 1192
7101 3881
6077 3847
1931 4417
2261 2466
6907 8148
5978 1926
7171 4257
3366 5262
2666 5872
2637 3675
4793 2827
7805 5309
6509 207
2715 2220
4388 4429
6968 3645
2703 5968
2306 4690
7436 3269
5256 3354
6152 8126
7013 2600
7129 6975
4538 814
5768 2816
3296 4010
1422 2515
7037 6125
8058 3409
7294 4920
4931 1730
3551 50
1660 3643
5462 7425
3408 4294
7087 2899
576 5918
167 3949
1402 2848
4384 7596
7085 3475
5009 3195
415 7516
4074 7715
5797 1029
3695 6814
4684 5082
4987 2067
718 2096
4926 7577
5036 5788
6868 3509
7209 6137
6825 979
6429 6947
1571 227
1879 2870
1761 1407
5354 2761
278 3917
3153 2949
5920 2937
7800 4847
5749 3467
6691 468
4720 6322
1398 1799
6225 1473
3468 5936
1460 3846
7908 6894
6994 5004
867 8030
4810 6589
4443 1685
7929 366
4099 4539
793 8001
2299 3541
5768 467
1659 3816
8106 7121
4388 1741
4653 1897
6017 5119
7444 5467
513 5824
5192 5772
920 1081
2638 8022
7539 5547
3490 4209
3061 7191
4590 1970
7589 7754
4319 1602
1736 1661
4217 5243
185 3141
1558 1888
5665 4513
8073 6815
238 7551
6886 2573
8022 2504
5681 3106
4977 2632
3255 1964
8028 708
3353 7133
6391 5904
5801 2944
6628 4245
6740 1565
7445 2152
2610 4757
4263 2695
4987 2991
5353 8060
6961 7936
759 1029
2298 370
703 3481
7630 4457
418 815
7505 5294
7818 338
6927 3260
6927 8014
5923 6128
832 803
2106 3663
1141 1985
6336 6573
1577 1604
933 4302
5475 4737
4179 3548
1066 5320
8129 3488
553 2915
4666 4385
1069 7896
1826 6123
5640 4109
5541 6277
2353 7511
3412 6856
7206 7918
6806 5606
7662 1530
3669 5227
5221 5553
6938 2351
681 6155
6931 4837
1501 6218
266 517
463 1834
878 5437
203 4778
5714 872
6289 6009
2184 1053
3102 4549
1889 8137
5340 5656
1488 8031
3313 7555
1656 2361
7104 6296
1084 6392
5416 8047
2483 8038
6583 4085
7319 7762
5814 7186
820 6236
6468 556
1545 6450
3811 873
218 7170
2458 6014
751 7716
2097 4371
5661 5162
3699 954
4361 3126
5394 5997
2737 79
573 4626
1725 2701
4835 5491
8020 7013
6705 6546
2129 1152
6318 3340
7475 5387
78 7720
8016 263
6168 2949
4636 2424
7462 7120
4567 1960
5489 7834
4911 108
3151 3192
5463 7901
6808 3276
6746 676
6260 2440
4656 700
2889 518
6860 3166
6303 7972
4650 1960
6926 7975
6626 6873
1202 6780
322 5522
7485 2582
5923 775
78 310
7338 7241
2113 920
3728 4280
7235 145
7017 5010
2173 5642
1898 1265
218 5240
3529 1533
2297 1998
2457 3522
6493 4090
6589 743
7549 8129
7270 6745
4289 4178
7536 5839
4372 1663
658 3027
6654 5721
6275 7492
6209 7926
628 8086
7181 5340
2759 6496
5864 56
5687 4989
74 622
5707 241
5871 538
1179 2917
3570 2303
2301 2280
5122 1780
6738 5720
2532 2529
6873 2516
384 1171
1862 2781
5474 4672
3379 4136
5747 6562
5911 201
1504 7
2029 4755
3328 2479
5721 423
5780 3140
2004 1667
2393 7899
8023 5602
5800 3483
2574 2630
3074 2073
3966 4102
4996 3726
6685 7788
5648 6930
380 4309
7736 6128
542 3408
269 6184
2274 3116
6685 1280
837 2625
1655 2318
5713 1250
162 3374
119 3042
2438 5004
1389 5095
3998 3234
1263 4719
7755 7139
4652 7390
6913 4578
5665 3254
3692 1160
4834 3086
3641 787
7872 7599
7941 3723
5056 404
6792 2546
312 11
3180 613
1738 2542
3930 7569
2156 7266
2722 974
5243 1348
3991 7081
1184 229
685 4103
782 6089
6948 902
6389 7841
6883 1486
2825 3474
2584 4320
6854 1985
2198 5451
4906 5485
1484 4986
2747 5469
4550 4401
5109 6362
5785 2143
5496 7143
1943 2798
7845 6590
6879 2575
7455 7882
2051 3520
4368 5695
6383 1197
3221 2051
4874 2870
3602 6783
2489 5748
1195 907
3872 7808
2504 7241
466 5038
2014 3464
5485 4543
5788 7465
462 3656
4393 3546
7199 2671
84 5772
949 5199
4535 6429
5856 1450
2391 11
2613 2649
7957 3604
5871 317
4704 4180
6296 5691
7573 2634
5380 7585
535 3536
6919 949
2461 3749
6999 7507
794 2758
2436 5308
8027 586
6351 7529
1533 7668
3720 6613
3103 3899
4698 2489
6800 4797
2010 5206
3516 6113
3659 7017
6378 5387
4285 5536
1081 6475
4762 1374
6412 7745
7255 5006
7444 397
4258 6664
4617 2817
4367 2401
2940 2068
2612 3190
5390 1423
256 3200
1992 2785
3037 3661
7000 302
4015 3524
8142 4951
1628 2807
2185 18
4662 3790
2088 3723
1670 5896
7791 2113
5857 263
7158 455
3312 3048
4182 7744
7808 2965
2138 5886
5047 735
2794 5446
5735 2304
6689 6521
3518 5227
4345 120
3744 3014
1208 3951
8127 5080
7316 2628
327 1559
54 974
7125 801
915 2103
5103 3782
4076 2918
750 2039
7507 400
1391 7433
6622 2559
2399 7168
7631 1169
6201 51
247 4838
7824 7871
220 2092
3213 2119
476 3663
1460 5281
4485 7337
6507 4907
7290 5906
6064 656
1774 1398
1934 2838
6738 6776
1999 5072
6874 166
3939 4663
5649 1796
1786 80
3150 3952
1490 3562
2734 2296
4330 7374
6300 1687
7771 6970
99 7719
4122 190
2663 5754
4362 2318
7437 3590
2326 3005
1082 5813
6270 1634
6838 3171
2806 2587
6136 5956
2022 4667
2186 1912
6785 267
3192 3375
468 2690
6117 1624
6824 1088
1159 3112
4224 7552
5143 6996
4643 292
1520 1145
3308 7855
8169 117
3944 4976
6402 3775
5263 5699
5624 4858
5902 2357
236 7194
3350 5200
5873 7473
7834 3815
1903 6867
5339 2006
32 2487
5982 5508
7776 6135
3034 2210
5915 6664
181 2475
1323 3740
5346 348
2585 2157
4990 413
5442 7893
6916 292
7669 2762
8165 2825
2778 7471
2986 1789
4034 807
3540 3318
5335 1354
2494 7106
4842 906
8057 4603
5906 5689
1180 1498
2275 4304
597 5587
4022 3622
208 1470
1614 4641
2322 6275
5432 5004
298 2000
6016 103
1486 6060
3702 2237
1740 585
1271 2983
8014 6001
4632 4980
764 4002
6481 5377
3214 5104
62 2429
1672 5582
6695 7225
274 1046
7653 6310
3066 5086
7430 73
3230 957
5548 784
3875 3063
6171 6727
2318 107
5852 3462
3028 6405
519 7699
2651 1597
6806 6668
4195 454
215 907
7278 4878
181 1340
5566 5652
5338 3185
2178 5996
1905 6245
8185 6830
6646 1566
3955 1103
7974 5894
2550 3935
1913 7546
3302 4593
494 54
4785 6104
136 5029
5599 5176
5203 6707
922 869
6301 3467
4134 909
1271 3060
51 2029
5584 1177
5376 5036
4785 7549
5919 6081
4596 5463
2309 3967
393 2284
5909 6825
5924 2577
5272 5658
1279 6288
1994 5725
7967 1405
4521 1727
4885 2625
1547 3319
5638 372
3745 6928
2678 961
7634 214
3257 3342
6354 7312
6761 7659
5726 6414
6653 5470
7138 2442
547 2225
752 7508
8114 6478
1261 2991
2503 6552
6445 3759
6902 1679
7989 4622
2522 7311
2512 7707
3215 6066
5775 1256
1547 8029
5932 6568
2747 7091
3716 3640
7193 5451
746 397
207 1525
2322 2662
298 529
6610 978
6853 1413
2561 4604
1018 1107
1999 7995
2051 3422
5381 4898
101 5323
81 3841
5043 6199
8119 7690
5023 4224
1247 2985
3167 6989
1543 1147
2748 320
6781 6167
2759 8101
7144 715
5026 6261
4064 1644
3061 386
1489 6722
3847 5122
4200 5183
6766 3324
6443 6286
1454 2579
2 4073
684 6128
66 2171
7652 2493
595 3906
6291 4780
7396 7246
6549 382
8097 46
7841 3640
7847 2029
2855 1644
2747 651
4916 8143
2332 3085
2174 303
485 5858
1264 1287
143 2216
4428 2012
659 3374
6158 2020
2140 6170
6645 4181
3270 1386
5851 2281
3303 2354
6777 372
1952 1856
3263 4419
2 199
5605 2446
5132 6573
4258 7682
2309 1317
3092 7908
6228 1781
4169 7850
6088 4438
7355 3698
99 5968
5182 1431
4488 4175
4094 5834
7201 4571
6416 388
3837 6175
7247 4513
5843 7454
3431 412
355 888
7525 987
145 6709
4571 1914
3948 1175
2808 3081
4048 2967
368 5828
180 6137
6899 2606
7596 6654
7985 1078
1744 3078
7978 7593
2028 5841
3336 2933
6022 5874
785 63
6439 460
1853 5365
1782 6742
6194 5014
1192 5127
3217 3651
4053 572
3602 4847
3985 4681
8087 5839
5414 405
819 5761
5108 5498
7247 5637
1288 2322
4499 4730
6718 5371
1726 4134
8134 2943
7674 1592
3968 2930
6770 4282
7342 5855
7377 544
1696 6755
4351 7639
205 3238
4073 60
7796 3624
2546 5596
1439 3195
3285 6862
7379 657
3399 7805
4090 6600
3732 5162
2636 5107
1397 4503
8166 2610
507 3864
5748 7779
6547 1896
6684 8154
5599 5498
3102 2298
7262 1850
6089 3904
3034 5434
914 2941
3123 4250
3470 7059
1394 4219
2263 4436
2143 357
4203 1275
1002 6510
391 4642
2905 5923
2818 3386
7352 6096
322 7943
8186 764
5912 1178
6879 959
5519 6878
693 8067
7228 958
6619 3112
4364 1998
7324 1657
3997 7955
96 2635
3725 3643
3343 1091
3152 4853
7548 3866
7416 5246
5069 4171
6340 7331
631 5672
5971 6244
193 5614
3245 6054
7531 2187
9 679
6504 4137
241 6884
1649 2340
4579 3349
5660 1639
558 293
1899 6694
3008 7883
3265 6352
7235 413
4959 5573
1904 5612
6555 710
7045 5838
581 4998
8107 2257
5397 6220
4038 5778
2188 5046
1361 7193
6057 344
1446 704
7545 98
4479 5511
5456 5091
4751 542
6283 5774
3820 818
3695 3622
7035 4130
6617 7711
1701 5830
126 5685
2146 7134
1265 8181
1026 219
4142 7300
5672 1647
5584 7479
7980 1212
4047 5865
5217 8070
3372 6253
7264 7623
4832 7256
6007 3496
7975 2163
6777 8040
3327 2012
3425 256
2548 4560
1975 205
5384 4295
2859 2003
4627 5890
823 4360
4522 4477
3845 6614
822 7576
7419 5793
3394 4439
438 5160
7986 4551
6342 5317
7592 5287
502 4006
2104 6868
1096 7530
2220 1631
4387 2537
5224 2017
7689 2123
3822 1185
7780 5120
6798 6995
1756 5807
4896 7862
7182 5060
6191 5949
7937 5202
6263 765
7559 1508
712 379
1464 2467
6964 12
7794 3595
5955 7187
4281 2602
5475 1318
427 1815
4080 7143
1982 2109
7826 4231
7441 2184
4332 742
1445 6985
1882 3392
3506 1876
3425 1588
2835 1764
1596 4715
5149 1311
7586 2942
4587 3646
1022 5014
5410 5469
3289 5111
4743 7498
3671 2477
711 2650
6574 3407
508 598
1502 5938
3098 5126
4655 3965
26 6636
5996 1055
1428 955
5721 654
7482 7977
3734 7705
4287 1736
7146 6900
6613 2767
5976 3674
5517 4192
3705 4205
8100 791
5404 416
3559 1564
1197 1239
627 3619
532 2594
6046 1889
1523 7891
4343 3884
2233 1819
1711 2235
6075 8142
3070 2852
5769 4631
6512 376
1401 1783
5918 2381
1350 1993
7052 8148
1477 4818
5998 5154
1665 6196
330 5480
5648 7741
5506 2122
1991 5801
2966 3322
3537 2408
5763 3427
7523 7083
3359 494
6849 4525
7815 7346
2066 1077
1876 6377
7114 5110
4013 2090
1501 6894
1702 436
4437 2673
886 7361
2303 1593
3714 5350
6701 3855
966 7216
7384 2228
693 174
2158 3884
4532 3116
6901 1478
7315 5797
4721 2035
4007 5200
4719 1909
3568 6259
3659 5731
1987 6981
5239 6846
6873 5303
593 5891
526 2402
1911 5715
7974 3683
4640 7303
2078 5661
7718 1192
7101 3881
6077 3847
1931 4417
2261 2466
6907 8148
5978 1926
7171 4257
3366 5262
2666 5872
2637 3675
4793 2827
7805 5309
6509 207
2715 2220
4388 4429
6968 3645
2703 5968
2306 4690
7436 3269
5256 3354
6152 8126
7013 2600
7129 6975
4538 814
5768 2816
3296 4010
1422 2515
7037 6125
8058 3409
7294 4920
4931 1730
3551 50
1660 3643
5462 7425
3408 4294
7087 2899
576 5918
167 3949
1402 2848
4384 7596
7085 3475
5009 3195
415 7516
4074 7715
5797 1029
3695 6814
4684 5082
4987 2067
718 2096
4926 7577
5036 5788
6868 3509
7209 6137
6825 979
6429 6947
1571 227
1879 2870
1761 1407
5354 2761
278 3917
3153 2949
5920 2937
7800 4847
5749 3467
6691 468
4720 6322
1398 1799
6225 1473
3468 5936
1460 3846
7908 6894
6994 5004
867 8030
4810 6589
4443 1685
7929 366
4099 4539
793 8001
2299 3541
5768 467
1659 3816
8106 7121
4388 1741
4653 1897
6017 5119
7444 5467
513 5824
5192 5772
920 1081
2638 8022
7539 5547
3490 4209
3061 7191
4590 1970
7589 7754
4319 1602
1736 1661
4217 5243
185 3141
1558 1888
5665 4513
8073 6815
238 7551
6886 2573
8022 2504
5681 3106
4977 2632
3255 1964
8028 708
3353 7133
6391 5904
5801 2944
6628 4245
6740 1565
7445 2152
2610 4757
4263 2695
4987 2991
5353 8060
6961 7936
759 1029
2298 370
703 3481
7630 4457
418 815
7505 5294
7818 338
6927 3260
6927 8014
5923 6128
832 803
2106 3663
1141 1985
6336 6573
1577 1604
933 4302
5475 4737
4179 3548
1066 5320
8129 3488
553 2915
4666 4385
1069 7896
1826 6123
5640 4109
5541 6277
2353 7511
3412 6856
7206 7918
6806 5606
7662 1530
3669 5227
5221 5553
6938 2351
681 6155
6931 4837
1501 6218
266 517
463 1834
878 5437
203 4778
5714 872
6289 6009
2184 1053
3102 4549
1889 8137
5340 5656
1488 8031
3313 7555
1656 2361
7104 6296
1084 6392
5416 8047
2483 8038
6583 4085
7319 7762
5814 7186
820 6236
6468 556
1545 6450
3811 873
218 7170
2458 6014
751 7716
2097 4371
5661 5162
3699 954
4361 3126
5394 5997
2737 79
573 4626
1725 2701
4835 5491
8020 7013
6705 6546
2129 1152
6318 3340
7475 5387
78 7720
8016 263
6168 2949
4636 2424
7462 7120
4567 1960
5489 7834
4911 108
3151 3192
5463 7901
6808 3276
6746 676
6260 2440
4656 700
2889 518
6860 3166
6303 7972
4650 1960
6926 7975
6626 6873
1202 6780
322 5522
7485 2582
5923 775
78 310
7338 7241
2113 920
3728 4280
7235 145
7017 5010
2173 5642
1898 1265
218 5240
3529 1533
2297 1998
2457 3522
6493 4090
6589 743
7549 8129
7270 6745
4289 4178
7536 5839
4372 1663
658 3027
6654 5721
6275 7492
6209 7926
628 8086
7181 5340
2759 6496
5864 56
5687 4989
74 622
5707 241
5871 538
1179 2917
3570 2303
2301 2280
5122 1780
6738 5720
2532 2529
6873 2516
384 1171
1862 2781
5474 4672
3379 4136
5747 6562
5911 201
1504 7
2029 4755
3328 2479
5721 423
5780 3140
2004 1667
2393 7899
8023 5602
5800 3483
2574 2630
3074 2073
3966 4102
4996 3726
6685 7788
5648 6930
380 4309
7736 6128
542 3408
269 6184
2274 3116
6685 1280
837 2625
1655 2318
5713 1250
162 3374
119 3042
2438 5004
1389 5095
3998 3234
1263 4719
7755 7139
4652 7390
6913 4578
5665 3254
3692 1160
4834 3086
3641 787
7872 7599
7941 3723
5056 404
6792 2546
312 11
3180 613
1738 2542
3930 7569
2156 7266
2722 974
5243 1348
3991 7081
1184 229
685 4103
782 6089
6948 902
6389 7841
6883 1486
2825 3474
2584 4320
6854 1985
2198 5451
4906 5485
1484 4986
2747 5469
4550 4401
5109 6362
5785 2143
5496 7143
1943 2798
7845 6590
6879 2575
7455 7882
2051 3520
4368 5695
6383 1197
3221 2051
4874 2870
3602 6783
2489 5748
1195 907
3872 7808
2504 7241
466 5038
2014 3464
5485 4543
5788 7465
462 3656
4393 3546
7199 2671
84 5772
949 5199
4535 6429
5856 1450
2391 11
2613 2649
7957 3604
5871 317
4704 4180
6296 5691
7573 2634
5380 7585
535 3536
6919 949
2461 3749
6999 7507
794 2758
2436 5308
8027 586
6351 7529
1533 7668
3720 6613
3103 3899
4698 2489
6800 4797
2010 5206
3516 6113
3659 7017
6378 5387
4285 5536
1081 6475
4762 1374
6412 7745
7255 5006
7444 397
4258 6664
4617 2817
4367 2401
2940 2068
2612 3190
5390 1423
256 3200
1992 2785
3037 3661
7000 302
4015 3524
8142 4951
1628 2807
2185 18
4662 3790
2088 3723
1670 5896
7791 2113
5857 263
7158 455
3312 3048
4182 7744
7808 2965
2138 5886
5047 735
2794 5446
5735 2304
6689 6521
3518 5227
4345 120
3744 3014
1208 3951
8127 5080
7316 2628
327 1559
54 974
7125 801
915 2103
5103 3782
4076 2918
750 2039
7507 400
1391 7433
6622 2559
2399 7168
7631 1169
6201 51
247 4838
7824 7871
220 2092
3213 2119
476 3663
1460 5281
4485 7337
6507 4907
7290 5906
6064 656
1774 1398
1934 2838
6738 6776
1999 5072
6874 166
3939 4663
5649 1796
1786 80
3150 3952
1490 3562
2734 2296
4330 7374
6300 1687
7771 6970
99 7719
4122 190
2663 5754
4362 2318
7437 3590
2326 3005
1082 5813
6270 1634
6838 3171
